logFC	P.Value	tf	DMSO	FBS	p_adjusted	sig
-0.371466362331503	0.00511353513204541	RXRA	0.898808526018938	0.527342163687435	0.0263858412813543	NS
0.384687994919952	0.00533153116304677	ATF4	2.33577478342584	2.72046277834579	0.0264525969243475	NS
0.386199157640155	0.0121106850011168	ATF2	-0.834041539133559	-0.447842381493404	0.048821198910752	NS
0.334204205222628	0.0163480776277878	ATF6	0.601137549237645	0.935341754460274	0.0602543432567036	NS
0.291042761424429	0.0665534356997238	THRB	-0.656469833069952	-0.365427071645523	0.18266794053754	NS
0.241748641602884	0.223152488276021	RANDOM1_3_minP	-1.31808690455657	-1.07633826295369	0.456931285517567	NS
-0.195443918084182	0.203158674849219	PPARA::RXRA	-0.937945393977564	-1.13338931206175	0.429630640254906	NS
0.190655764812201	0.21619320300469	RANDOM3_1_minP	-0.633073363972998	-0.442417599160797	0.449821341735565	NS
-0.185584641577825	0.285535314908696	POU2F1	0.422981489833249	0.237396848255424	0.518789515820026	NS
0.175625876280927	0.296478771041074	RUNX2	-1.19481792324855	-1.01919204696763	0.524310732491668	NS
0.145444848718071	0.283252114138295	MYBL2	-1.00117246957844	-0.855727620860374	0.518789515820026	NS
0.17982887424603	0.402878294342076	GATA3	-1.26603703576036	-1.08620816151433	0.592731043503094	NS
0.158061226992037	0.328312148662306	RANDOM1_1_minP	-1.29441961425439	-1.13635838726235	0.550029443862824	NS
0.137656104991117	0.396691293524009	RANDOM1_2_minP	-1.28439537370928	-1.14673926871816	0.592731043503094	NS
0.144299834902153	0.399903176895193	RANDOM3_2_minP	-0.701206517512915	-0.556906682610762	0.592731043503094	NS
-0.135028992954192	0.403597157836334	GRHL1	0.859991314293283	0.724962321339091	0.592731043503094	NS
-0.11026111741865	0.470700920439368	POU5F1::SOX2	2.72498369145987	2.61472257404122	0.681336026325182	NS
-0.0653701271820228	0.735021760469003	ETS2	1.20052744461697	1.13515731743495	0.861980064550013	NS
0.117202732648906	0.495043114383279	RANDOM2_1_minP	-1.48120702486925	-1.36400429222034	0.694136540820033	NS
0.0955613861587954	0.527187149502514	AR	-1.4462005609872	-1.3506391748284	0.722563468863308	NS
0.0921204796912751	0.564600633194996	ONECUT1	-1.40628340567758	-1.3141629259863	0.743198792675046	NS
0.0669532097864843	0.622624882818948	RANDOM3_3_minP	-0.693319540392856	-0.626366330606372	0.787268293242213	NS
0.0760189074158146	0.632905351718951	NFAT5	-0.457098806405595	-0.38107989898978	0.787268293242213	NS
0.0869649427253467	0.63469691858287	STAT1	-2.10896371114855	-2.02199876842321	0.787268293242213	NS
0.0401388970273316	0.782478748865745	ZFP42	-1.09099988471023	-1.0508609876829	0.877737031336357	NS
-0.0555981590073244	0.682595281601265	FOXO1	-0.739252534433117	-0.794850693440442	0.807842122262047	NS
-0.0261143951246833	0.903383899918894	RARA	-2.51301727211918	-2.53913166724386	0.947451407232011	NS
0.0472001006811827	0.763823425008917	RANDOM2_2_minP	-1.28910583054095	-1.24190572985977	0.866828405212337	NS
0.0169771826184666	0.913218282749747	CEBPA	-1.24590238123069	-1.22892519861222	0.950041600602559	NS
-0.0297961976857032	0.877454237783671	OTX1	-1.00172901550062	-1.03152521318633	0.940140125470473	NS
-0.00937745067074491	0.949443104038054	ZFX	-0.497164786282805	-0.50654223695355	0.976831826666513	NS
-0.0340972705041988	0.820051794162165	NFIA	-1.34257204120375	-1.37666931170795	0.909518325976253	NS
-0.00192051973452293	0.988361795305134	RANDOM2_3_minP	-1.20563732369642	-1.20755784343094	0.998980054615421	NS
-0.00809156560090521	0.95411480744171	PGR	-0.948324344641204	-0.956415910242109	0.976831826666513	NS
2.64537807138255	1.09617019963219e-13	EGR1	-1.78929027949128	0.856087791891274	1.41405955752552e-11	Upregulated
1.49624158115953	6.4559621298338e-13	FOS::JUN	0.592304786776169	2.08854636793569	4.1640955737428e-11	Upregulated
1.38671225841355	1.09099368517234e-08	SRF	-0.973850389817398	0.412861868596154	4.50373301956259e-07	Upregulated
-0.941905138118714	1.39650636265507e-08	NR4A2::RXRA	0.772818176503944	-0.16908696161477	4.50373301956259e-07	Downregulated
0.89835091563775	5.65323964032965e-08	TEAD1	1.18070906433969	2.07905997997744	1.41111044104366e-06	Upregulated
1.36967768825018	6.56330437694725e-08	REL	1.3181753996562	2.68785308790638	1.41111044104366e-06	Upregulated
-1.95012383219417	1.7573326860933e-07	TCF7	1.35328991906512	-0.596833913129043	2.83369895632544e-06	Downregulated
-0.537746732045382	1.25730941024239e-06	RARA:RXRA	-0.265482013340099	-0.803228745385482	1.8021434880141e-05	Downregulated
0.991160961409231	2.17535703940736e-06	WT1	-1.328004170923	-0.336843209513767	2.8062105808355e-05	Upregulated
-0.433673113111727	3.36974968645541e-05	NFYA	0.532093201583754	0.0984200884720268	0.000362248091293957	Downregulated
-0.488634124234512	4.54723054012306e-05	SREBF1	-2.26272638929362	-2.75136051352814	0.000451225184366057	Downregulated
-0.463315761725352	7.74606554006744e-05	MYC	-0.204213477287578	-0.667529239012931	0.000713744610477642	Downregulated
-0.868289404245342	0.000108056584991234	NR1H2	1.29033632746487	0.422046923219525	0.00092928663092461	Downregulated
-0.455883794432146	0.000130708261809185	SOX2	0.703825246643842	0.247941452211696	0.00105383536083656	Downregulated
-0.405059582033127	0.000266872087419025	HIF1A	-0.976802636103102	-1.38186221813623	0.00202508819276789	Downregulated
-0.375806294045676	0.000432567749282852	MAF::NFE2	1.9005733086852	1.52476701463953	0.00310006886986044	Downregulated
-0.416444876811496	0.000482934074673413	E2F1	1.01404009668204	0.597595219870548	0.0032788681912037	Downregulated
-0.523270765867856	0.000720246445065083	GATA4	2.24350452718973	1.72023376132188	0.00442437101968551	Downregulated
-0.411716378889755	0.000951949690082578	MTF1	2.36586662339309	1.95415024450333	0.00558188681912057	Downregulated
-0.520229427520908	0.00102025416521218	NRF1	2.26229309171342	1.74206366419252	0.00572229510053789	Downregulated
-0.257116843454556	0.0061817176729606	NR4A1	-1.3651732257965	-1.62229006925106	0.0295348733263673	NS
-0.33759657816589	0.00758989624434431	STAT4	-0.0430681867922998	-0.38066476495819	0.0349677362685863	NS
-0.378136235812719	0.00915939037922319	CLOCK	1.21537790759185	0.837241671779128	0.0407434951351652	NS
-0.245055916618128	0.0103400777947169	RANDOM1_3_mCMV	-2.1267437797677	-2.37179969638583	0.0444623345172826	NS
-0.37779260068403	0.0110854100251893	NR1I2	-1.58550524769513	-1.96329784837916	0.0461296094596588	NS
-0.226329464378411	0.0133071420169268	KLF4	0.135134918095383	-0.0911945462830279	0.0520188278843501	NS
-0.332002997696365	0.0141838112350327	NR1I3	-1.92328083972973	-2.2552838374261	0.0538150485093889	NS
-0.247089032103281	0.0193927092997085	FOSL1	-0.998139880949494	-1.24522891305277	0.0694905416572889	NS
-0.401052192783625	0.0212479325300996	POU5F1	-0.38317817325157	-0.784230366035195	0.074080629631969	NS
-0.353925117251517	0.0286505339749574	SMAD2::SMAD3::SMAD4	-1.24469961296871	-1.59862473022023	0.0947671508402437	NS
-0.286820015778444	0.0286370034206261	NR3C1	-2.77926469757419	-3.06608471335263	0.0947671508402437	NS
-0.273838882350739	0.0455568766661949	STAT1::STAT2	-2.09806661043081	-2.37190549278155	0.140201506367517	NS
-0.267685756605911	0.0506292888703225	GATA1	-2.48063641800202	-2.74832217460793	0.151887866610967	NS
-0.183808982935703	0.064902375968591	NR1H4::RXRA	-0.652211706980216	-0.836020689915919	0.18209618421468	NS
-0.253681144872118	0.0728910008890874	VDR::RXRA	-1.85232471668686	-2.10600586155898	0.195894564889422	NS
-0.219332033897067	0.0769445752134584	TFEB	1.52146283856986	1.30213080467279	0.202568371480329	NS
-0.23537070898099	0.0857400900229137	RANDOM1_1_mCMV	-2.43952051207849	-2.67489122105948	0.215053884654833	NS
-0.239862182597834	0.0814915314097494	RANDOM2_2_mCMV	-2.30457086019782	-2.54443304279565	0.210248151037154	NS
-0.278201607391952	0.0907761664219268	AHR::ARNT	-1.32485461550009	-1.60305622289204	0.220945763555256	NS
-0.218472902687703	0.138566950517224	HNF4A	-0.664804813282546	-0.883277715970249	0.313598888012664	NS
-0.239999661064406	0.111492351528624	RANDOM2_3_mCMV	-2.31719767956521	-2.55719734062961	0.266342839762823	NS
-0.191686756460074	0.121173925048793	RANDOM3_2_mCMV	-1.64939056493757	-1.84107732139764	0.279132791630254	NS
-0.448665492937637	0.120221234627749	HNF1A	-0.334338479635404	-0.783003972573042	0.279132791630254	NS
-0.274535180653883	0.14591170574669	NR5A2	-1.38727056772825	-1.66180574838213	0.324527759333155	NS
-0.185894487662945	0.150363707271644	GLI1	-2.25439029700838	-2.44028478467133	0.328761326068509	NS
-0.194509299405702	0.180019146875125	RANDOM1_2_mCMV	-1.91464570386886	-2.10915500327457	0.387041165781519	NS
-0.209764293045964	0.234748760699437	CEBPB	0.150141308150436	-0.0596229848955275	0.458827123185263	NS
-0.204517096386547	0.23220406862406	PPARG::RXRA	-2.09812145597085	-2.3026385523574	0.458827123185263	NS
-0.141272037434386	0.243370382103191	RANDOM3_1_mCMV	-1.84746286557835	-1.98873490301274	0.461687930754582	NS
-0.194655476562626	0.238668582488908	RANDOM3_3_mCMV	-1.91748608013011	-2.11214155669274	0.459526076732376	NS
-0.137505748997537	0.296702972650324	SOX9	-2.29465811607343	-2.43216386507097	0.524310732491668	NS
-0.192938148529662	0.302160747227779	IRX3	-0.512435314329884	-0.705373462859546	0.526739680978155	NS
-0.193677286820218	0.310429101185218	RANDOM2_1_mCMV	-2.43789892832805	-2.63157621514827	0.533938054038574	NS
-0.158027989309769	0.343140309706769	TFCP2L1	1.60119971295825	1.44317172364848	0.567501281438118	NS
-0.153890569283571	0.363257003239508	RBPJ	-2.23972195492636	-2.39361252420994	0.585751917723707	NS
-0.146505215140295	0.404343657583506	HSF1	-2.30854985227027	-2.45505506741057	0.592731043503094	NS
-0.182221316403556	0.491565989898247	TP53	2.15250961072466	1.97028829432111	0.694136540820033	NS
-0.143855255102993	0.379222650906735	IRF1	-2.0143451271201	-2.15820038222309	0.58939424056589	NS
-0.0480954137097451	0.766034404606252	NR1D1	-2.66293019255409	-2.71102560626384	0.866828405212337	NS
-0.152747827855487	0.352941698053932	TFAP2A	-2.05062550375431	-2.2033733316098	0.576322519607054	NS
-0.103014613850764	0.659709972291948	NFATC1	-2.12235791056735	-2.22537252441811	0.79170321070972	NS
0.0688553387877174	0.662770496563675	ESR1	-1.80532801583479	-1.73647267704707	0.79170321070972	NS
0.0438324424098828	0.763747473345405	MEF2A	0.61268318262018	0.656515625030063	0.866828405212337	NS
0.0272070377212985	0.89971221200911	RORA	-2.12891437852925	-2.10170734080795	0.947451407232011	NS
-0.0010417036708585	0.993374489463132	THRA	-1.73925015167547	-1.74029185534633	0.998980054615421	NS
-0.0319018543444198	0.657303846530802	XBP1	-0.850722358234021	-0.882624212578441	0.79170321070972	NS
0.306078064907932	0.0456470020731452	RANDOM3_1_Random	-0.482169851002349	-0.176091786094416	0.140201506367517	NS
0.300829757922055	0.0586139703485358	RANDOM2_1_Random	-1.45015781374212	-1.14932805582007	0.171845503976389	NS
0.410253645860003	0.0649335230532969	RANDOM1_1_Random	-1.78853518410726	-1.37828153824725	0.18209618421468	NS
0.263782185846095	0.231359539269251	RFX1	-0.733993420607809	-0.470211234761715	0.458827123185263	NS
-0.142902366404522	0.262374460590514	SP1	1.43712449303081	1.29422212662629	0.49052616545183	NS
0.0909715015079399	0.607654931447255	FOXA1	-1.9877696856797	-1.89679818417176	0.78387486156696	NS
0.0587179173341747	0.759803526109045	NR3C2	-0.721256241103976	-0.662538323769802	0.866828405212337	NS
1.89910423697817	1.43158197335702e-07	NFKB1	-0.730375430750201	1.16872880622797	2.63820106518651e-06	Upregulated
-1.75352279931912	1.2016962001121e-05	TCF7L2	0.898338070243025	-0.855184729076099	0.000140926190740419	Downregulated
0.688038200440145	0.000530518268809932	CREB1	-1.27746197812707	-0.589423777686921	0.00342184283382406	Upregulated
-0.410750078983767	0.00126019482490628	STAT3	1.85850103691159	1.44775095792782	0.00677354718387124	Downregulated
-0.274812814537874	0.0381521050916856	ELK1	2.00980237793378	1.73498956339591	0.123040538920686	NS
0.351534400099767	0.0866883876128008	SMAD4	-1.5105020802436	-1.15896768014383	0.215053884654833	NS
-0.211862738416549	0.324870189333191	IRF3	0.941741204344548	0.729878465927999	0.550029443862824	NS
-0.177979707742998	0.374462814098188	RANDOM1_2_hBGm	-2.46328109843354	-2.64126080617653	0.58939424056589	NS
0.144122808944884	0.375155247809067	RANDOM1_3_hBGm	-2.85232790540348	-2.70820509645859	0.58939424056589	NS
-0.115394936453263	0.475350716040824	NEUROG2	-3.10072413437874	-3.216119070832	0.681336026325182	NS
0.000227415110876353	0.998980054615421	GBX2	-2.15848362539333	-2.15825621028245	0.998980054615421	NS
-0.0743301295036757	0.562641447789602	PAX6	-2.26171332696692	-2.33604345647059	0.743198792675046	NS
-0.0925487463351738	0.590416290488285	RANDOM3_1_hBGm	-1.77155792042412	-1.86410666675929	0.769330317908977	NS
0.0691119163437008	0.662821292687208	RANDOM3_3_hBGm	-1.87697542914169	-1.80786351279799	0.79170321070972	NS
-0.0974474966046466	0.532120384046622	RANDOM2_1_hBGm	-2.88623866788486	-2.98368616448951	0.722563468863308	NS
0.0677010110557895	0.553674439429999	NFE2L2	2.30769697356464	2.37539798462043	0.743198792675046	NS
-0.0693347668415113	0.525925070413177	ESRRB	-1.50495985820183	-1.57429462504334	0.722563468863308	NS
-0.0545859225379282	0.830408808111642	HOMEZ	-2.9788839882756	-3.03346991081353	0.909518325976253	NS
0.0786612672584762	0.620203681883116	RANDOM3_2_hBGm	-2.12141279868274	-2.04275153142426	0.787268293242213	NS
-0.029562781243972	0.880340450045271	RANDOM1_1_hBGm	-2.74859428641966	-2.77815706766363	0.940140125470473	NS
-0.0347872758780527	0.831962499730216	RANDOM2_3_hBGm	-2.71241969903162	-2.74720697490968	0.909518325976253	NS
-0.0224432358187081	0.881836861875405	RANDOM2_2_hBGm	-2.4834798911015	-2.50592312692021	0.940140125470473	NS
