logFC	P.Value	tf	DMSO	POU5F1	p_adjusted	sig
-1.75062615721425	4.48411828341167e-07	GRHL1	-0.0800485816221466	-1.8306747388364	1.43491785069173e-05	Downregulated
-1.43384356275861	3.78780482198805e-05	RXRA	-0.238701152043357	-1.67254471480197	0.000549242328888557	Downregulated
0.560972560659074	0.00018078862674104	ELK1_A	3.34984390598103	3.9108164666401	0.00231409442228531	Upregulated
-0.741017110072785	0.000433567341783662	GATA4	2.61150968657356	1.87049257650077	0.00462471831235906	Downregulated
-1.39573274301126	0.00631580980836992	RANDOM2_2_minP	-4.63165613266113	-6.02738887567239	0.0367465297941523	NS
0.870714888477544	0.0147529961890789	ATF6	-1.96948160614872	-1.09876671767118	0.0755353404880841	NS
-1.10609983117334	0.0310031899877467	RANDOM1_3_minP	-2.41607857887092	-3.52217841004426	0.132280277281053	NS
-0.815421094787795	0.0295896142482131	POU2F1	-1.39369538951531	-2.20911648430311	0.130602435302458	NS
-1.14282927622094	0.0568317288864967	RANDOM2_3_minP	-2.10284626460109	-3.24567554082203	0.20206836937421	NS
-1.38028328888829	0.071487200139365	RANDOM3_3_minP	-2.15943126371466	-3.53971455260295	0.247307070752398	NS
-0.99537936398491	0.0840998522668723	RANDOM2_1_minP	-2.97555503424256	-3.97093439822747	0.256304311670468	NS
-0.828312213882648	0.0803833907670765	AR	-3.11154459970383	-3.93985681358648	0.252296003771503	NS
-0.449969740021172	0.0782952851232636	ATF4	0.555311936395341	0.105342196374169	0.252296003771503	NS
-0.938568509970959	0.0808135637080596	PGR	-2.4707987387005	-3.40936724867146	0.252296003771503	NS
-0.549229985987253	0.101772916644446	ZFP42	-1.06999473948029	-1.61922472546754	0.296066666602025	NS
-0.637630826538579	0.108536249646507	NR3C2	-1.6707186139856	-2.30834944052418	0.302013912059847	NS
-0.4787657564981	0.106048442661425	RANDOM3_1_minP	-0.927940893795633	-1.40670665029373	0.301648903570276	NS
-0.735732019987453	0.116652579697982	NFIA	-3.60280907265563	-4.33854109264309	0.317692131943441	NS
-0.532321731361413	0.142117532369208	PPARA::RXRA	-2.04433092694598	-2.57665265830739	0.365989549531941	NS
-0.587027707830057	0.138530398245083	MYBL2	-1.82772666253576	-2.41475437036582	0.365989549531941	NS
-0.502865614264656	0.152577849314902	HIF1A	-2.25136275600145	-2.75422837026611	0.37557624446745	NS
-0.597149345585554	0.177161625358595	SREBF1	-2.95295158094099	-3.55010092652655	0.404940857962502	NS
-0.544275637936859	0.276405046524549	RANDOM1_1_minP	-2.56990213282811	-3.11417777076497	0.520291852281503	NS
-0.400428009790356	0.27448108321465	RANDOM3_2_minP	-1.47334113991153	-1.87376914970189	0.520291852281503	NS
-0.607685783018856	0.437173673225299	OTX1	-3.56478452255881	-4.17247030557766	0.639150088336311	NS
-0.326055148620301	0.454395765926596	RUNX2	-2.24237201161055	-2.56842716023085	0.639150088336311	NS
0.347049600869657	0.480864145909279	ONECUT1	-2.62128432741026	-2.27423472654061	0.65479373059987	NS
-0.490708114323791	0.412344821557517	ATF2	-3.62593366738424	-4.11664178170803	0.620399033732159	NS
-0.556510115281008	0.508425742926213	NR1I3	-1.79203158156001	-2.34854169684102	0.670912320562426	NS
-0.356392334756274	0.602355132014906	RANDOM1_2_minP	-2.67492207454684	-3.03131440930311	0.741360162479885	NS
-0.22756029238387	0.474185834543153	AHR::ARNT	-2.33046986409475	-2.55803015647862	0.652642869048641	NS
0.222677206875625	0.720909610363387	ETS2	-2.60441295237674	-2.38173574550112	0.846572753454252	NS
0.39078735304085	0.492239940597363	THRB	-4.59469633450899	-4.20390898146814	0.663228551541711	NS
-0.332502448380041	0.564597972555476	CEBPA	-3.18685053080371	-3.51935297918375	0.701636315408747	NS
0.136854461298323	0.837652174931231	RARA	-2.23359881216989	-2.09674435087157	0.939042585085944	NS
-0.154529475388806	0.680205711022087	WT1	-2.42461254182953	-2.57914201721834	0.813704028138571	NS
-0.00173780949787981	0.998183087815994	STAT1	-4.23627892869561	-4.23801673819349	0.998183087815994	NS
-2.60859715835269	1.53418608867291e-11	POU5F1::SOX2	-0.624021158191873	-3.23261831654456	1.96375819350133e-09	Downregulated
-1.37271221759607	1.24007572721885e-09	SOX2	0.374674218637215	-0.998037998958858	7.93648465420062e-08	Downregulated
-1.24806400229095	2.59325171403799e-08	E2F1	1.10438437524323	-0.143679627047717	1.10645406465621e-06	Downregulated
1.20799729585882	6.85541023805561e-06	STAT1::STAT2	-3.4770594699742	-2.26906217411538	0.000175498502094224	Upregulated
1.04104901730996	1.95316482229961e-05	FOS::JUN	0.678269659883984	1.71931867719395	0.000357150138934787	Upregulated
0.884780108741419	3.86186012499767e-05	REL	1.09586310767231	1.98064321641373	0.000549242328888557	Upregulated
-1.40949622897044	0.000299079578716574	KLF4	0.0726020245908558	-1.33689420437959	0.0034801987341565	Downregulated
-1.22314077223536	0.000598145215029069	NR4A2::RXRA	-2.13720278808863	-3.36034356032398	0.00546875625169434	Downregulated
1.04108414586535	0.00092009003358081	XBP1	-3.18938775672592	-2.14830361086058	0.00736072026864648	Upregulated
0.969316337492324	0.00211015197548834	TEAD1	-0.763475137597451	0.205841199894873	0.0150055251590282	NS
-0.740766106477414	0.00339407966612663	STAT4	-1.351620834267	-2.09238694074442	0.0228653788033794	NS
-0.777266706284095	0.00400435228992581	MTF1	1.50120903556556	0.723942329281461	0.0256278546555252	NS
1.34675377402059	0.013184655568531	HNF4A	-5.55058418420669	-4.2038304101861	0.0733754744683463	NS
-0.511538466142	0.0188134322592985	CLOCK	0.499240193092446	-0.0122982730495548	0.0891896047848227	NS
0.579649036171998	0.0186950749588434	FOSL1	-2.29664954796992	-1.71700051179792	0.0891896047848227	NS
-0.543167390606515	0.0403903825897139	MYC	-1.46192227145663	-2.00508966206314	0.161561530358856	NS
1.00088106927044	0.0450287901989733	RBPJ	-5.23697449927571	-4.23609343000527	0.17465712562026	NS
0.289008405495251	0.0872318322999194	NRF1	0.460165320159897	0.749173725655148	0.25966684963697	NS
-0.409767703701415	0.0744648728743589	NR4A1	-1.9798523600157	-2.38962006371711	0.250829045471525	NS
-0.86987487567869	0.142964667785914	EGR1	-2.22739406926007	-3.09726894493875	0.365989549531941	NS
0.725386780039288	0.148110813859202	PPARG::RXRA	-3.38116372196896	-2.65577694192967	0.371729101450546	NS
-0.384604914338724	0.155956043524795	POU5F1	-1.72195827630843	-2.10656319064716	0.376648557946676	NS
0.512265786586296	0.163055355335684	SRF	-3.81727952833947	-3.30501374175317	0.379474281508501	NS
-0.327701387182957	0.161226115706469	TCF7	1.57348923651081	1.24578784932785	0.379474281508501	NS
-0.828404407729663	0.201233243547311	GATA3	-4.0489104214261	-4.87731482915577	0.43657381650942	NS
-0.605585228073933	0.189607287883926	NFAT5	-4.33686386410685	-4.94244909218079	0.418443669812802	NS
0.366396525174117	0.370484394929363	NR3C1	-4.36007859080893	-3.99368206563481	0.600278513303272	NS
0.431172951857115	0.208873019498805	MAF::NFE2	1.90739862576782	2.33857157762494	0.445595774930785	NS
0.580792003512075	0.252817042524785	FOXA1	-4.3777621974177	-3.79697019390562	0.505634085049571	NS
-0.545839316278482	0.340422173523578	TFCP2L1	0.867277372553711	0.321438056275229	0.580987176146907	NS
-0.47435430162549	0.268782353896222	SMAD2::SMAD3::SMAD4	-2.46223976702494	-2.93659406865044	0.520291852281503	NS
0.407930639900383	0.362856584785851	RANDOM3_1_mCMV	-2.91095951090831	-2.50302887100793	0.595456959648576	NS
-0.166001658409328	0.311707951702635	ELK1_B	2.60831153740702	2.4423098789977	0.55808781469597	NS
-0.562473039010119	0.238736669681278	RARA:RXRA	-4.13132869769141	-4.69380173670153	0.492875705148446	NS
-0.233883579909953	0.318284456818795	ZFX	-1.17009847325458	-1.40398205316453	0.55808781469597	NS
0.300936129380838	0.413292313918069	HSF1	-3.24026630266197	-2.93933017328113	0.620399033732159	NS
-0.196122468967471	0.317041742759522	CEBPB	-0.398677890122134	-0.594800359089606	0.55808781469597	NS
-0.101902485040619	0.898048767254388	NFYA	-2.43268009637758	-2.5345825814182	0.942215100070178	NS
-0.393677113249086	0.289977083077373	NR1H4::RXRA	-3.91061978525211	-4.30429689850119	0.537928501940635	NS
-0.804204542306218	0.3987365561264	HNF1A	-2.92321814102831	-3.72742268333453	0.620399033732159	NS
0.48880743184034	0.346764482798418	RANDOM2_3_mCMV	-3.92663216242687	-3.43782473058653	0.581505840282649	NS
0.358313743671077	0.349812107045031	TFAP2A	-3.61305247443776	-3.25473873076669	0.581505840282649	NS
-0.322062968265895	0.389542443537307	GLI1	-3.06778827893512	-3.38985124720101	0.620399033732159	NS
-0.379324058666725	0.39557834043125	NFATC1	-3.56077198952509	-3.94009604819181	0.620399033732159	NS
-0.460581495751795	0.338799045756545	VDR::RXRA	-4.14015701243388	-4.60073850818568	0.580987176146907	NS
0.16909120027259	0.549644937270586	TFEB	-0.0262371403079523	0.142854059964638	0.696579722481535	NS
0.290136669899591	0.467711877468171	RANDOM1_3_mCMV	-3.53657365137156	-3.24643698147197	0.650729568651368	NS
-0.142861986692317	0.613247819699303	RANDOM3_2_mCMV	-2.26093148093791	-2.40379346763023	0.747578294490579	NS
-0.146134125836905	0.555255105953585	ESRRB	-1.8924492846451	-2.038583410482	0.696790721196656	NS
-0.0061841572158941	0.991589607282736	ESR1	-5.32473481978541	-5.33091897700131	0.998183087815994	NS
0.177675052304402	0.798561123845878	RANDOM3_3_mCMV	-1.84417757001278	-1.66650251770838	0.9208632779484	NS
-0.0263180127855769	0.979413552789975	RANDOM2_2_mCMV	-3.30089901452977	-3.32721702731535	0.994959799659657	NS
-0.104405159649947	0.896669574654436	RANDOM2_1_mCMV	-5.43528741282815	-5.5396925724781	0.942215100070178	NS
-0.0352307719224889	0.969138161120403	RANDOM1_1_mCMV	-2.9605155719781	-2.99574634390059	0.992397476987293	NS
0.0877637277111679	0.871681964727155	THRA	-5.74451055256698	-5.65674682485581	0.939042585085944	NS
0.0674572793725733	0.82549379223181	TP53	4.21772806547214	4.28518534484471	0.939042585085944	NS
0.0826311147218985	0.863586389960741	GATA1	-4.09852961477374	-4.01589850005184	0.939042585085944	NS
0.0433619380471148	0.953493249336198	IRF1	-3.85372000425861	-3.8103580662115	0.984251096088978	NS
-0.0993936122356566	0.873016153322088	RANDOM1_2_mCMV	-3.45435501704699	-3.55374862928264	0.939042585085944	NS
-0.0887594411490352	0.718578013455959	NR5A2	-3.07425261164419	-3.16301205279323	0.846572753454252	NS
0.12168998988127	0.836377883659352	RORA	-4.79471235799588	-4.67302236811461	0.939042585085944	NS
0.0792682310330197	0.847576031171904	NR1I2	-3.84086843571676	-3.76160020468374	0.939042585085944	NS
1.28745508462138	1.93501294115948e-05	NFKB1	-1.41920517788804	-0.131750093266663	0.000357150138934787	Upregulated
-1.79913509305857	0.000472418965204844	STAT3	0.0142995319072926	-1.78483556115127	0.00465150981124769	Downregulated
-0.855801763838855	0.000758326568517546	SP1	-1.06869388244046	-1.92449564627931	0.00647105338468306	Downregulated
-1.24402274024092	0.00455958926443692	SMAD4	-4.17102625717874	-5.41504899741966	0.0277917821832345	NS
1.08670368542708	0.0195969636690654	IRF3	0.877193893802746	1.96389757922982	0.0895861196300131	NS
-0.540579677563603	0.0510639087167697	GBX2	-3.73536877196956	-4.27594844953316	0.192240597521956	NS
0.521575756302145	0.0392721196139939	CREB1	-2.75105387293912	-2.22947811663697	0.161561530358856	NS
-0.979415469147609	0.053424661493286	PAX6	-5.11546455970879	-6.0948800288564	0.195381619175446	NS
-1.4193766204606	0.229426798294494	HOMEZ	-3.66035985103909	-5.07973647149969	0.481420166913038	NS
-0.603886909169504	0.188300291351198	RANDOM1_2_hBGm	-4.55725057753118	-5.16113748670068	0.418443669812802	NS
-1.14521997250582	0.416830600788795	IRX3	-4.4296751136421	-5.57489508614792	0.620399033732159	NS
-0.619752071591722	0.453512925810919	RANDOM2_3_hBGm	-3.52770067455341	-4.14745274614513	0.639150088336311	NS
-0.355758522850435	0.447435291035691	RANDOM1_3_hBGm	-5.22122098385037	-5.5769795067008	0.639150088336311	NS
-0.496314658865919	0.546191463270576	RANDOM2_2_hBGm	-5.23906289652656	-5.73537755539248	0.696579722481535	NS
-0.817385447006519	0.453662055037051	NEUROG2	-4.57115291006509	-5.38853835707161	0.639150088336311	NS
-0.402071409884765	0.500062944857821	RANDOM3_1_hBGm	-4.19267133864595	-4.59474274853072	0.666750593143761	NS
-0.465266206898701	0.412115705540091	RANDOM3_3_hBGm	-6.21335576553055	-6.67862197242925	0.620399033732159	NS
-0.266132803176012	0.761507537366441	TCF7L2	-3.56642355311967	-3.83255635629568	0.886117861662768	NS
-0.102236536244243	0.894782668436495	RANDOM3_2_hBGm	-3.46786519428362	-3.57010173052787	0.942215100070178	NS
-0.0376485299123036	0.918367032871894	RANDOM1_1_hBGm	-5.03972804880023	-5.07737657871253	0.955699026078069	NS
-0.069595302982637	0.633976877746618	NFE2L2	3.25681741529795	3.18722211231531	0.765556984448747	NS
-0.160990211544845	0.86671862033983	RANDOM2_1_hBGm	-4.46414074490881	-4.62513095645365	0.939042585085944	NS
-0.93248831539688	0.00194002339812148	RANDOM3_1_Random	1.90814709879742	0.975658783400541	0.0146072349976206	NS
1.49197823445334	0.0144975697037367	RFX1	-5.01489993604058	-3.52292170158725	0.0755353404880841	NS
0.916482494806322	0.243144375515255	MEF2A	-2.2997621397877	-1.38327964498138	0.494007620094485	NS
0.89023660812992	0.306365286319518	SOX9	-2.79269979926161	-1.90246319113169	0.55808781469597	NS
-0.383080212033694	0.537035458778379	FOXO1	-1.56241950852765	-1.94549972056135	0.694348875996288	NS
0.66883598825461	0.261638351977899	RANDOM1_1_Random	-0.347237641369079	0.321598346885531	0.515226293125708	NS
0.466466814449526	0.514386026542658	RANDOM2_1_Random	-2.44934069069281	-1.98287387624328	0.671851136708778	NS
