logFC	P.Value	tf	DMSO	TFCP2L1	p_adjusted	sig
-1.37814199852754	1.17314656870292e-09	GRHL1	0.852794582512365	-0.525347416015171	1.51335907362676e-07	Downregulated
0.411513645523444	0.0397197986216817	RANDOM2_1_minP	-1.48021088381224	-1.06869723828879	0.232902455554406	NS
0.335563162953824	0.0535675004160471	ZFP42	-1.08964677104861	-0.754083608094787	0.263584646905987	NS
0.3540768933758	0.0719761307125748	RANDOM3_1_minP	-0.63762583162409	-0.28354893824829	0.281361238240065	NS
0.252847712950353	0.0947618309088146	MYBL2	-1.00155200448262	-0.748704291532267	0.321691478611502	NS
0.275924355036773	0.113112797383159	AR	-1.45110453527124	-1.17518018023447	0.357129154853888	NS
0.276081893601409	0.15074703206408	RANDOM1_1_minP	-1.29420108655432	-1.01811919295291	0.407557745794002	NS
-0.238292648893627	0.151264263875554	THRB	-0.657589442183668	-0.895882091077295	0.407557745794002	NS
0.208362286593154	0.168081548594696	ATF6	0.601345909765742	0.809708196358896	0.418148666035748	NS
0.273103330920532	0.171234722278902	RANDOM3_2_minP	-0.701295762265053	-0.428192431344521	0.418148666035748	NS
0.238887299153722	0.223282123618467	RANDOM1_2_minP	-1.26600513511948	-1.02711783596576	0.465802336337138	NS
0.208479726572654	0.255439869652182	RANDOM1_3_minP	-1.32146642684936	-1.11298670027671	0.491817062464649	NS
0.202625510318646	0.213178147121363	RANDOM3_3_minP	-0.694455144735414	-0.491829634416768	0.45833301631093	NS
0.214853796961821	0.238643434650538	ONECUT1	-1.40709597419651	-1.19224217723469	0.473615431844913	NS
0.20101530914358	0.303115497495089	NFAT5	-0.448364687856013	-0.247349378712432	0.543081933012034	NS
0.151260599408495	0.352300415837915	ZFX	-0.499410017850993	-0.348149418442498	0.592241145386977	NS
0.167110741546553	0.373919460578694	RANDOM2_2_minP	-1.28653722960244	-1.11942648805588	0.602945130183144	NS
-0.136305131948792	0.481163312818561	PPARA::RXRA	-0.924134580410018	-1.06043971235881	0.705341674472664	NS
0.0964769452623428	0.597073060794401	PGR	-0.946102495618811	-0.849625550356469	0.770224248424778	NS
-0.106049747325779	0.555452345454569	POU5F1::SOX2	2.72554981893917	2.61950007161339	0.758442033547021	NS
-0.137565555053702	0.595132007456359	RARA	-2.51482229939393	-2.65238785444763	0.770224248424778	NS
0.0723865396737169	0.617041406409498	RANDOM2_3_minP	-1.20971671780469	-1.13733017813098	0.780375896341424	NS
0.0288488719558385	0.904821005341346	GATA3	-1.25135167086682	-1.22250279891098	0.950884552876781	NS
0.100543379747071	0.558542582844706	NFIA	-1.34290651475398	-1.24236313500691	0.758442033547021	NS
-0.0524326610456067	0.794214633738667	ETS2	1.1993740361213	1.1469413750757	0.923006195966558	NS
0.0728381779872334	0.697254292741559	CEBPA	-1.24503376746747	-1.17219558948024	0.848545318525105	NS
0.0790833193005707	0.726762683749888	STAT1	-2.09974699111162	-2.02066367181104	0.867989986349093	NS
0.0467930482510072	0.837977255715194	RUNX2	-1.19683079185411	-1.15003774360311	0.945290474301951	NS
0.0402594698160485	0.804245677192241	FOXO1	-0.746636812930211	-0.706377343114162	0.926318681766063	NS
-0.0398908671106387	0.842077817724758	OTX1	-1.00561252075834	-1.04550338786898	0.945290474301951	NS
-0.00649045948425098	0.963412168667203	ATF4	2.34123496083505	2.3347445013508	0.994241358064554	NS
-0.0291447847583985	0.862596366119491	ATF2	-0.832667548261999	-0.861812333020398	0.949428193153183	NS
0.0202320485163827	0.886401523590531	RXRA	0.899144130746263	0.919376179262645	0.949428193153183	NS
-0.0288720022334047	0.85671841596768	POU2F1	0.426430083089567	0.397558080856163	0.949428193153183	NS
-1.39610185063586	3.02517662483821e-08	TFCP2L1	1.62683843104192	0.230736580406054	1.95123892302064e-06	Downregulated
0.378698828779245	0.000486454979526169	XBP1	-0.85145010562991	-0.472751276850666	0.0209175641196253	NS
-0.467909174759118	0.00109225198050381	STAT4	-0.0467060370030031	-0.514615211762121	0.0281064276558288	NS
-0.421018502751068	0.0011186377730613	E2F1	1.01646634825932	0.595447845508247	0.0281064276558288	NS
-0.432442114270698	0.00130727570492227	NR4A2::RXRA	0.776431263870438	0.34398914959974	0.0281064276558288	NS
0.514961329186191	0.00328044110346635	RANDOM2_2_mCMV	-2.30530694010242	-1.79034561091623	0.0470196558163509	NS
-0.324956800333799	0.0048214388212023	NR1H4::RXRA	-0.652253927823807	-0.977210728157606	0.0621965607935096	NS
-0.282908331177493	0.00869296310845848	SOX2	0.699430153592433	0.41652182241494	0.0934493534159287	NS
0.304889566510571	0.0108244146273398	MEF2A	0.615800209171117	0.920689775681688	0.107411498994372	NS
-0.261342498777604	0.020982423287617	KLF4	0.134366165667649	-0.126976333109954	0.180448840273506	NS
0.369607450099723	0.0239770335347104	STAT1::STAT2	-2.10146506877347	-1.73185761867375	0.193314832873603	NS
0.292745165688869	0.0319659136730445	RANDOM3_1_mCMV	-1.84715921259149	-1.55441404690262	0.217201267901146	NS
0.28260868029498	0.0554525861357651	RANDOM1_1_mCMV	-2.43818751021897	-2.15557882992399	0.263584646905987	NS
0.299683059184166	0.065685628392568	NR1D1	-2.66472744853785	-2.36504438935368	0.26479518945754	NS
0.370584423401872	0.0612987550944156	HSF1	-2.3092986258949	-1.93871420249303	0.263584646905987	NS
0.510818802417674	0.0649774518465356	NFATC1	-2.1383856198626	-1.62756681744492	0.26479518945754	NS
0.21962236442398	0.0599838244336373	RANDOM1_3_mCMV	-2.12630680449522	-1.90668444007124	0.263584646905987	NS
0.366659754865752	0.0851934726882754	RANDOM2_1_mCMV	-2.43497670328577	-2.06831694842002	0.297025891264528	NS
0.409766210727626	0.113506165496197	RBPJ	-2.24036959779774	-1.83060338707012	0.357129154853888	NS
0.226712260420639	0.154634819128074	RANDOM3_2_mCMV	-1.64942040401029	-1.42270814358965	0.407557745794002	NS
0.222960912007833	0.14513225152009	GLI1	-2.25015270762913	-2.0271917956213	0.407557745794002	NS
0.224621619326697	0.154808756154311	AHR::ARNT	-1.33036772841784	-1.10574610909114	0.407557745794002	NS
0.219593953747702	0.161282776856481	GATA1	-2.47864043988777	-2.25904648614006	0.416109564289721	NS
-0.283211897349301	0.17503897648008	REL	1.31807204292201	1.03486014557271	0.418148666035748	NS
0.153626784030189	0.179919284957234	MAF::NFE2	1.90315043017505	2.05677721420524	0.421992504717877	NS
0.191137408386878	0.195545842572386	NRF1	2.26091473981591	2.45205214820279	0.434920925721341	NS
-0.192699930963022	0.186983512852405	GATA4	2.24850811468143	2.05580818371841	0.430729877820719	NS
-0.211185781124158	0.193645600210349	POU5F1	-0.386514542061233	-0.597700323185391	0.434920925721341	NS
-0.166394182749762	0.207393603211865	NR4A1	-1.36662845135028	-1.53302263410004	0.453453810412383	NS
0.210432480570537	0.225591030662566	SOX9	-2.29089030183341	-2.08045782126287	0.465802336337138	NS
0.163721599391797	0.254954393528364	RANDOM1_2_mCMV	-1.92444652521109	-1.7607249258193	0.491817062464649	NS
-0.171337904488156	0.262293310253479	CLOCK	1.21644298195488	1.04510507746672	0.494098207084412	NS
0.150065527829648	0.268115306169836	NR3C1	-2.77970982628641	-2.62964429845676	0.494098207084412	NS
0.134218989484355	0.27404885726238	TFEB	1.52569697518367	1.65991596466802	0.497919754744324	NS
0.191821394165629	0.265258814338654	SRF	-0.975707772060989	-0.78388637789536	0.494098207084412	NS
-0.19402352217303	0.318574392010773	NR5A2	-1.38450982632723	-1.57853334850026	0.553072105451196	NS
0.169699966975716	0.321553549680928	WT1	-1.32272658220548	-1.15302661522976	0.553072105451196	NS
0.153224828533247	0.320398332373567	IRF1	-2.01431709985465	-1.86109227132141	0.553072105451196	NS
0.298453885735701	0.411340232986212	TCF7	1.35138969098103	1.64984357671673	0.633293727882108	NS
0.150416277059338	0.354671013840456	RANDOM2_3_mCMV	-2.31741862460666	-2.16700234754733	0.592241145386977	NS
0.0975641765893717	0.35809929721073	FOS::JUN	0.588922418642372	0.686486595231744	0.592241145386977	NS
-0.124956836108676	0.412377311179047	TEAD1	1.17752623129642	1.05256939518774	0.633293727882108	NS
0.129950077934537	0.430826559721875	VDR::RXRA	-1.85456782050933	-1.72461774257479	0.653842661224964	NS
0.122794410346331	0.389337092896028	NR1I3	-1.92407161388586	-1.80127720353952	0.616641025748658	NS
0.117302600966925	0.45998360670598	RANDOM3_3_mCMV	-1.91416347204932	-1.79686087108239	0.682044658219212	NS
0.122512082653452	0.457990376457977	ESR1	-1.80336525879252	-1.68085317613907	0.682044658219212	NS
0.0478841744810087	0.730855376487375	HNF4A	-0.666855548665483	-0.618971374184474	0.867989986349093	NS
0.0737215147214675	0.508090741946135	MTF1	2.36282819196425	2.43654970668571	0.732872569834651	NS
0.0641780817375564	0.534040098287593	MYC	-0.201897167541077	-0.137719085803521	0.757045853616478	NS
0.0681248384757365	0.552742530304203	FOSL1	-0.996326085055852	-0.928201246580115	0.758442033547021	NS
0.056669475254903	0.580811466069257	RARA:RXRA	-0.265646914461488	-0.208977439206585	0.770224248424778	NS
0.0512093740232532	0.586365616370166	NFYA	0.529931794846371	0.581141168869624	0.770224248424778	NS
0.0806492217877257	0.765283689442432	TP53	2.14168163668165	2.22233085846937	0.897469053982489	NS
0.0361335771001845	0.84270081042422	CEBPB	0.144168323691592	0.180301900791776	0.945290474301951	NS
-0.078074386392086	0.615173995177586	SMAD2::SMAD3::SMAD4	-1.24364879566395	-1.32172318205604	0.780375896341424	NS
0.0903683392106151	0.670607430872293	NR1H2	1.2791969794145	1.36956531862511	0.831811140216594	NS
0.116122107614118	0.695962050463288	HNF1A	-0.33994106231133	-0.223818954697211	0.848545318525105	NS
0.057877185287042	0.733417895442257	EGR1	-1.78503237350746	-1.72715518822042	0.867989986349093	NS
-0.0161870204537416	0.890548925360737	SREBF1	-2.26203021523936	-2.2782172356931	0.949428193153183	NS
-0.00347888317542358	0.984075049496055	IRX3	-0.499048783446805	-0.502527666622228	0.995887257620177	NS
-0.00171299754345545	0.993387907500315	PPARG::RXRA	-2.10036347489585	-2.10207647243931	0.995887257620177	NS
-0.0171031092801844	0.906657364370884	THRA	-1.74001274220355	-1.75711585148373	0.950884552876781	NS
0.0131180153809279	0.949017171567546	RORA	-2.12762917898084	-2.11451116359991	0.987283993001721	NS
-0.000924363984192741	0.995887257620177	NR1I2	-1.58554031876847	-1.58646468275266	0.995887257620177	NS
0.0161821493757761	0.878208642989943	HIF1A	-0.976284088093063	-0.960101938717287	0.949428193153183	NS
0.00412575376318018	0.98300996707089	TFAP2A	-2.05133035209204	-2.04720459832886	0.995887257620177	NS
-0.478041871985787	0.0309715732677325	RFX1	-0.745904931531813	-1.2239468035176	0.217201267901146	NS
0.474448312971005	0.0352762012866728	RANDOM1_1_Random	-1.79643170836519	-1.32198339539418	0.217201267901146	NS
0.301041645851447	0.0608855490601137	RANDOM2_1_Random	-1.44477789530625	-1.1437362494548	0.263584646905987	NS
0.264601312988216	0.0838069303759266	RANDOM3_1_Random	-0.483770419492727	-0.21916910650451	0.297025891264528	NS
-0.152932852191552	0.22940855387705	SP1	1.42713105504525	1.27419820285369	0.465802336337138	NS
0.159525779289953	0.391973365204573	FOXA1	-1.98032240240971	-1.82079662311975	0.616641025748658	NS
0.0289569691875981	0.875681356393441	NR3C2	-0.726474964067249	-0.697517994879651	0.949428193153183	NS
-0.49884980314363	0.001641603304789	STAT3	1.85475248628251	1.35590268313888	0.030252403759683	NS
0.483210309072499	0.0024215224161156	PAX6	-2.24389316374551	-1.76068285467301	0.0390470489598641	NS
0.520385280789094	0.00701379751624859	RANDOM2_2_hBGm	-2.47989163865891	-1.95950635786982	0.0822527163269152	NS
0.551868374256472	0.017823936759116	NEUROG2	-3.09801595849965	-2.54614758424317	0.164234845851854	NS
0.462218639936305	0.0341923031536996	IRF3	0.941574166004377	1.40379280594068	0.217201267901146	NS
0.427921230509962	0.0353583459373959	RANDOM3_2_hBGm	-2.11121159004814	-1.68329035953818	0.217201267901146	NS
0.555100903483804	0.0432327806748548	HOMEZ	-2.97809319006566	-2.42299228658185	0.242479509002446	NS
0.40375852899615	0.0493311998029221	RANDOM3_1_hBGm	-1.76275020525217	-1.35899167625602	0.263584646905987	NS
0.39538062146277	0.0531316188966161	RANDOM3_3_hBGm	-1.87603430296396	-1.48065368150119	0.263584646905987	NS
-0.194652533497078	0.0775215321880258	NFE2L2	2.32666530457894	2.13201277108186	0.2933362764236	NS
0.424825661557872	0.0795873618203566	RANDOM2_1_hBGm	-2.89316775104676	-2.46834208948888	0.2933362764236	NS
0.376599826433912	0.100509343821577	CREB1	-1.27227163092877	-0.89567180449486	0.332453983409833	NS
0.324428181424053	0.12645443719525	RANDOM2_3_hBGm	-2.69423511487356	-2.36980693344951	0.388395771385412	NS
0.330531183304099	0.12993955985154	RANDOM1_3_hBGm	-2.84491662869915	-2.51438544539505	0.389818679554619	NS
0.174607864030336	0.146605932399219	ELK1	2.04099772588722	2.21560558991755	0.407557745794002	NS
-0.208656053392753	0.172538433790495	ESRRB	-1.50857762806547	-1.71723368145822	0.418148666035748	NS
0.284629183307175	0.231095732756409	RANDOM1_1_hBGm	-2.74197913921626	-2.45734995590909	0.465802336337138	NS
0.382288554341904	0.365347708217742	TCF7L2	0.946937014940687	1.32922556928259	0.596580434937832	NS
0.137375043250555	0.511306444070687	RANDOM1_2_hBGm	-2.46651953773259	-2.32914449448204	0.732872569834651	NS
-0.183305969041785	0.552110877507547	NFKB1	-0.730731752103816	-0.914037721145601	0.758442033547021	NS
0.0881029594391901	0.668022442368786	GBX2	-2.18593302991832	-2.09783007047913	0.831811140216594	NS
0.12223667075938	0.585295424388883	SMAD4	-1.51124170643589	-1.38900503567651	0.770224248424778	NS
