logFC	P.Value	tf	DMSO	FS_24h	p_adjusted	sig
1.62461438592123	2.10730700023911e-05	THRB	-1.53651476124043	0.0880996246808012	0.000453071005051409	Upregulated
0.756386367052914	0.00016355188564184	CEBPA	-1.18632939831078	-0.429943031257862	0.00301402760682819	Upregulated
-0.543317448594142	0.00381868847793998	ATF2	0.493156923055165	-0.050160525538977	0.0365654488192946	NS
0.511137189160972	0.00702421071979029	AHR::ARNT	-1.36449376624766	-0.853356577086688	0.0604082121901965	NS
0.484719035810562	0.0123414599680874	ATF4	1.46728712191912	1.95200615772968	0.0995030209927046	NS
-0.147392050758065	0.0893835776686757	ELK1_A	3.70637790495891	3.55898585420084	0.524112796329962	NS
0.187433579910949	0.106079403728451	GATA4	-0.707919629195829	-0.52048604928488	0.547369723238807	NS
0.290474051166202	0.185541162749799	NFIA	-1.83635755305551	-1.54588350188931	0.763458905507052	NS
0.226160521926145	0.254253333611926	RANDOM1_3_minP	-2.43805502562742	-2.21189450370128	0.763458905507052	NS
0.203927355613143	0.251494711834717	ATF6	-1.99560487752101	-1.79167752190787	0.763458905507052	NS
-0.141217799272859	0.368507714398676	ETS2	3.24064136912443	3.09942356985157	0.857188087274161	NS
0.137976164740543	0.445982454506826	MYBL2	-2.4367488590201	-2.29877269427956	0.92793123599001	NS
0.179315023840659	0.455390022109608	POU2F1	0.262107353210726	0.441422377051385	0.931514621541679	NS
-0.166669842050632	0.483793113489633	RANDOM1_1_minP	-2.14336057802599	-2.31003042007662	0.931514621541679	NS
0.125932177524826	0.540939975757405	ZFP42	-2.449254236701	-2.32332205917617	0.936313341342127	NS
-0.146399721581787	0.500953536779532	NR1I3	-1.97484000199612	-2.12123972357791	0.936313341342127	NS
-0.130829854229454	0.603100576919173	RANDOM2_2_minP	-2.28845273864253	-2.41928259287198	0.936313341342127	NS
0.116139059905966	0.593255158385497	RUNX2	-1.71650930462138	-1.60037024471542	0.936313341342127	NS
-0.108733414297797	0.665734301555884	AR	-2.52813289468907	-2.63686630898686	0.936313341342127	NS
0.124278469000436	0.564532057104689	SREBF1	-2.19360412291303	-2.06932565391259	0.936313341342127	NS
0.117009076009438	0.611441499503742	HIF1A	-2.25243574995399	-2.13542667394455	0.936313341342127	NS
-0.132032395784306	0.589558203474829	RXRA	-2.18580347150589	-2.31783586729019	0.936313341342127	NS
0.0905346404677046	0.646110533481597	NR3C2	-1.83201456091898	-1.74147992045128	0.936313341342127	NS
-0.0994553565303045	0.653677024038085	GRHL1	-2.07020550971166	-2.16966086624196	0.936313341342127	NS
0.0700872885625307	0.750335741048992	RARA	-2.54405142964127	-2.47396414107874	0.936450156163708	NS
0.123895615446206	0.667758351964927	WT1	-2.19955799048207	-2.07566237503586	0.936313341342127	NS
-0.0808195964579387	0.675406304889005	RANDOM2_3_minP	-2.294626653578	-2.37544625003594	0.936450156163708	NS
-0.0237423035419648	0.922381076636638	STAT1	-1.45206110105085	-1.47580340459282	0.967767970609754	NS
-0.0908556003575323	0.705761969294248	OTX1	-2.59078573365451	-2.68164133401204	0.936450156163708	NS
0.0154219410390881	0.941368899220972	RANDOM3_3_minP	-2.08691972741227	-2.07149778637319	0.971492703996043	NS
-0.0836184581235602	0.721842930648021	RANDOM1_2_minP	-2.15571282745699	-2.23933128558055	0.936450156163708	NS
-0.0714571493024663	0.80985417426701	RANDOM3_2_minP	-2.13157710264582	-2.20303425194828	0.945405035196353	NS
0.0484117738346452	0.835357790514484	RANDOM3_1_minP	-2.15981983906242	-2.11140806522777	0.962153169431861	NS
-0.0690602870982933	0.727396603775675	ONECUT1	-1.73754040469586	-1.80660069179415	0.936450156163708	NS
-0.025576313250329	0.908790804854563	PPARA::RXRA	-2.04364612922168	-2.06922244247201	0.967767970609754	NS
0.0227763072356152	0.894463108947797	PGR	-2.20516927032579	-2.18239296309018	0.967767970609754	NS
0.00983494943545576	0.97510399358164	RANDOM2_1_minP	-2.47252841168932	-2.46269346225386	0.995668796912971	NS
0.745695501073088	1.13136013994656e-08	MTF1	0.412450560577642	1.15814606165073	7.29727290265531e-07	Upregulated
1.08387057001339	6.23100088449152e-08	FOS::JUN	1.68369291095571	2.7675634809691	2.67933038033135e-06	Upregulated
0.926860546181111	6.35593977576638e-07	CEBPB	-1.27881629981649	-0.351955753635375	2.04979057768466e-05	Upregulated
0.698090463726211	2.0626199926505e-06	XBP1	-1.10753066777975	-0.40944020405354	5.32155958103829e-05	Upregulated
-0.455672052082444	0.0006482176133716	REL	3.02271505450296	2.56704300242052	0.00760182473863058	Downregulated
0.462686056013397	0.00396834328271414	POU5F1::SOX2	-1.39607506197108	-0.933389005957686	0.0365654488192946	NS
-0.391299453600337	0.0132586648360968	STAT1::STAT2	3.18319397869252	2.79189452509218	0.100609868462147	NS
0.272094907795484	0.0450334370660017	TFEB	0.150106113532398	0.422201021327882	0.322739632306346	NS
0.22606916593043	0.0786941536884561	MYC	-1.72477611694145	-1.49870695101102	0.48340694408623	NS
-0.193470635690639	0.0782884060889659	NRF1	3.01487333968293	2.82140270399229	0.48340694408623	NS
-0.210425865991375	0.136446557929827	GATA1	-2.62474442126822	-2.83517028725959	0.651911332331395	NS
0.228924895342218	0.133509645924721	RANDOM2_3_mCMV	-2.40064585017902	-2.1717209548368	0.651911332331395	NS
-0.189276968183817	0.173978742255206	E2F1	-1.86271838339269	-2.05199535157651	0.748108591697388	NS
0.147506796735887	0.198598800561274	TP53	-0.336510831581704	-0.189004034845817	0.763458905507052	NS
-0.140618890015722	0.211485803396939	ELK1_B	2.76461181369902	2.62399292368329	0.763458905507052	NS
-0.170863597353031	0.269520496066938	RORA	-1.89036436991841	-2.06122796727144	0.763458905507052	NS
0.138114844150906	0.230954950464626	NFYA	-0.859687458782595	-0.721572614631689	0.763458905507052	NS
0.160874068530496	0.261080811461986	THRA	-1.94486850188116	-1.78399443335067	0.763458905507052	NS
0.148470370092062	0.254547332243574	HSF1	-2.0787586816204	-1.93028831152834	0.763458905507052	NS
-0.177959276463256	0.280583212800973	TFCP2L1	-1.42017020905503	-1.59812948551828	0.763458905507052	NS
-0.149223938216165	0.295914304460098	RANDOM1_2_mCMV	-1.96869317879134	-2.11791711700751	0.763458905507052	NS
0.136355928708148	0.294204564890811	NR4A1	-2.07862006382169	-1.94226413511355	0.763458905507052	NS
0.135220774078336	0.277235764958138	RANDOM1_3_mCMV	-2.3401823155369	-2.20496154145857	0.763458905507052	NS
0.133017218042717	0.294644279709734	ESRRB	-2.69590358759228	-2.56288636954957	0.763458905507052	NS
0.1434055931092	0.287297331155437	HNF1A	-2.24706897410216	-2.10366338099296	0.763458905507052	NS
-0.145742335496571	0.304677997481679	GLI1	-2.51979290317385	-2.66553523867042	0.770656111277188	NS
0.123620435049213	0.371656302813308	RANDOM3_3_mCMV	-2.38333435119017	-2.25971391614095	0.857188087274161	NS
-0.104930143882423	0.385402395828693	SRF	-1.56114436237316	-1.66607450625559	0.857188087274161	NS
0.113669749949273	0.35429454674348	ZFX	-2.22711938777827	-2.113449637829	0.857188087274161	NS
0.131915041445837	0.374598600587946	POU5F1	-1.45987996970461	-1.32796492825877	0.857188087274161	NS
-0.139523835459352	0.380551284016673	RANDOM2_1_mCMV	-2.05323193286706	-2.19275576832641	0.857188087274161	NS
0.104801217317219	0.439051731248754	RANDOM1_1_mCMV	-2.46942523247548	-2.36462401515826	0.92793123599001	NS
-0.118798933263324	0.480466763964436	RANDOM2_2_mCMV	-2.22760731912535	-2.34640625238868	0.931514621541679	NS
0.0812098266306604	0.480090944055489	ESR1	-2.08676881594457	-2.00555898931391	0.931514621541679	NS
-0.0909578240343545	0.53950477566623	NFATC1	-1.85094789113484	-1.9419057151692	0.936313341342127	NS
0.0846216756583144	0.509598705667265	RBPJ	-2.2857165535774	-2.20109487791908	0.936313341342127	NS
-0.0955449807256773	0.544526753092756	NR5A2	-1.92656429757578	-2.02210927830145	0.936313341342127	NS
-0.0828621280839862	0.566137753914105	GATA3	-1.88270996168265	-1.96557208976663	0.936313341342127	NS
0.0790197033593296	0.524179998112289	MAF::NFE2	2.89986565095739	2.97888535431672	0.936313341342127	NS
-0.0801562610042474	0.595395076970962	CLOCK	-1.84584199017387	-1.92599825117811	0.936313341342127	NS
0.0575323055576092	0.633942955733061	FOSL1	-1.50828077834474	-1.45074847278713	0.936313341342127	NS
-0.0527656742218013	0.691481954928666	EGR1	-2.11098436475778	-2.16375003897959	0.936450156163708	NS
-0.0904118342652557	0.54985801002512	VDR::RXRA	-1.88140007182675	-1.97181190609201	0.936313341342127	NS
-0.0468562090055151	0.760152146180817	HNF4A	-2.07941703358081	-2.12627324258633	0.936450156163708	NS
0.0523196067781589	0.690427184289617	NR3C1	-2.47048429894291	-2.41816469216475	0.936450156163708	NS
-0.0484028380327584	0.737268539045797	NR1H2	-1.76950157807798	-1.81790441611073	0.936450156163708	NS
0.0324753603427851	0.813488053541048	RANDOM3_2_mCMV	-2.16157032828131	-2.12909496793853	0.945405035196353	NS
-0.0582115238997948	0.629129686964004	IRF1	-1.72726138766288	-1.78547291156267	0.936313341342127	NS
-0.0308629408212682	0.845310316879099	TEAD1	-1.98602208601429	-2.01688502683556	0.965000273251361	NS
0.0296731046591281	0.866488183291197	RARA:RXRA	-2.12587250148	-2.09619939682088	0.967767970609754	NS
-0.0619432464472568	0.63984896406708	FOXA1	-2.02994238154739	-2.09188562799465	0.936313341342127	NS
-0.0161844577012958	0.912580746487733	TFAP2A	-2.23535615891303	-2.25154061661432	0.967767970609754	NS
-0.0368787877661226	0.7840047819045	SOX2	-2.21483995398129	-2.25171874174741	0.936450156163708	NS
-0.0478714321916322	0.703709342394699	NR1I2	-1.98418473082428	-2.03205616301591	0.936450156163708	NS
-0.0295144092483252	0.808674679682938	KLF4	-2.20392398760151	-2.23343839684984	0.945405035196353	NS
0.0211753078527711	0.87551682574143	STAT4	-1.98884522772817	-1.9676699198754	0.967767970609754	NS
-0.0228459380908562	0.873003128754583	PPARG::RXRA	-1.9747268484195	-1.99757278651035	0.967767970609754	NS
-0.0376999476525409	0.738824822606556	NFAT5	-2.22703637862301	-2.26473632627555	0.936450156163708	NS
0.0357718109906932	0.780567341560796	TCF7	-2.21126882087544	-2.17549700988475	0.936450156163708	NS
-0.001004308129143	0.993474107391571	NR1H4::RXRA	-2.26760322413859	-2.26860753226773	0.995668796912971	NS
0.000582558858005766	0.995668796912971	RANDOM3_1_mCMV	-2.19292839752649	-2.19234583866849	0.995668796912971	NS
-0.00183098323261592	0.988803168595447	SMAD2::SMAD3::SMAD4	-2.40511113140689	-2.40694211463951	0.995668796912971	NS
-0.0118978094392786	0.921961243134512	NR4A2::RXRA	-2.06238481882308	-2.07428262826236	0.967767970609754	NS
2.39808475132836	1.44095125894776e-18	CREB1	-1.58893510231138	0.809149649016984	1.85882712404261e-16	Upregulated
-0.57783522298096	0.00026830744330673	NFKB1	1.68605774934815	1.10822252636719	0.0038457400207298	Downregulated
-0.539003528487643	0.000432269557731017	STAT3	-1.75186029859796	-2.29086382708561	0.00557627729473012	Downregulated
0.311403327844455	0.0683963598098729	RANDOM2_2_hBGm	-3.21504243287899	-2.90363910503454	0.464375285024927	NS
0.316269909044602	0.105839316255399	RANDOM1_2_hBGm	-3.42675683021636	-3.11048692117176	0.547369723238807	NS
0.190415942669114	0.160773527229042	GBX2	-3.47577302317814	-3.28535708050903	0.740706607590945	NS
-0.160045603754475	0.172534251066029	RANDOM1_3_hBGm	-3.02416970940149	-3.18421531315596	0.748108591697388	NS
-0.190526720157803	0.260458742861057	RANDOM3_3_hBGm	-2.98887573483283	-3.17940245499064	0.763458905507052	NS
-0.14401949797957	0.283653224860298	NEUROG2	-2.75250261478244	-2.89652211276201	0.763458905507052	NS
-0.158867516208534	0.293708517992809	IRF3	3.08780780971909	2.92894029351056	0.763458905507052	NS
-0.156319399725521	0.285836997927848	RANDOM2_1_hBGm	-3.11485450751533	-3.27117390724085	0.763458905507052	NS
0.132154273146001	0.49280798368025	RANDOM1_1_hBGm	-3.21088090307094	-3.07872662992494	0.934885733746356	NS
0.125345014016192	0.37133751885492	TCF7L2	-3.00946614703242	-2.88412113301623	0.857188087274161	NS
0.162377417856967	0.398655895105414	HOMEZ	-2.80408309728012	-2.64170567942315	0.871637465569465	NS
0.0863092607148573	0.627268469610982	RANDOM3_1_hBGm	-3.05689206321706	-2.97058280250221	0.936313341342127	NS
0.109172237460507	0.434854400744246	IRX3	-1.58970993734681	-1.4805376998863	0.92793123599001	NS
-0.0552843568503322	0.649923351320606	NFE2L2	2.58447527219132	2.52919091534099	0.936313341342127	NS
-0.0435001529311242	0.773875181722284	RANDOM3_2_hBGm	-3.1585962337396	-3.20209638667073	0.936450156163708	NS
-0.0465131102923178	0.745063167089913	RANDOM2_3_hBGm	-3.29243553507693	-3.33894864536924	0.936450156163708	NS
-0.0409364353777688	0.763332347933168	SMAD4	-3.39080038537197	-3.43173682074974	0.936450156163708	NS
-0.0134637923813249	0.913615828994854	SP1	-1.54597890781986	-1.55944270020118	0.967767970609754	NS
0.0133065629611881	0.922755506860463	PAX6	-3.12841861890846	-3.11511205594727	0.967767970609754	NS
0.592309446522883	0.000232123936572377	RFX1	0.725290267745718	1.3175997142686	0.00374299847722957	Upregulated
-0.659032449393658	0.00125772599232686	MEF2A	-0.112215022629203	-0.771247472022861	0.0135205544175138	NS
-0.349018793283476	0.100453354538299	FOXO1	-0.364808065944838	-0.713826859228314	0.547369723238807	NS
-0.220011912743657	0.194989510180225	RANDOM2_1_Random	-0.183162146940121	-0.403174059683778	0.763458905507052	NS
-0.154300097860517	0.483809919715446	SOX9	-0.249603214772251	-0.403903312632768	0.931514621541679	NS
-0.0868736788627532	0.650160250590256	RANDOM3_1_Random	-0.250362247922557	-0.33723592678531	0.936313341342127	NS
-0.0157227147795557	0.938321857221153	RANDOM1_1_Random	-0.466350261836335	-0.482072976615891	0.971492703996043	NS
