logFC	P.Value	tf	DMSO	SP1	p_adjusted	sig
0.680061772830612	0.0190494281009742	RANDOM3_2_minP	-0.71086198728947	-0.0308002144588581	0.497478146888994	NS
0.563241504317502	0.0563685659383577	ETS2	1.22137975673003	1.78462126104753	0.559349615849857	NS
0.399951337584893	0.102930335737716	PGR	-1.08090836793449	-0.680957030349596	0.596477156396821	NS
0.269833527975611	0.200707327872319	RANDOM2_1_minP	-1.39664016600571	-1.1268066380301	0.742723434559868	NS
-0.481529593152408	0.189035194021665	GATA3	-1.03524344178813	-1.51677303494054	0.742723434559868	NS
-0.281832166560602	0.230938821928744	RANDOM1_1_minP	-1.37234493710995	-1.65417710367055	0.742723434559868	NS
-0.232399487660071	0.240669493035847	RANDOM1_3_minP	-1.10904681043661	-1.34144629809668	0.742723434559868	NS
-0.226248147783792	0.245188667725043	RANDOM2_3_minP	-1.11403901320789	-1.34028716099168	0.742723434559868	NS
-0.288460314849037	0.257059070670672	RANDOM2_2_minP	-1.18267717620792	-1.47113749105695	0.742723434559868	NS
-0.156429092619405	0.537954263144306	NFAT5	-0.340610968804247	-0.497040061423653	0.937850053148769	NS
0.1744287390947	0.588162856598291	PPARA::RXRA	-0.985115623465267	-0.810686884370566	0.937850053148769	NS
-0.144011341248139	0.609525539450963	RANDOM1_2_minP	-1.03992901840772	-1.18394035965586	0.937850053148769	NS
-0.216753936421046	0.546914079513808	ONECUT1	-1.27799009356527	-1.49474402998632	0.937850053148769	NS
-0.094405252830426	0.614794392218356	ATF4	2.11192891738884	2.01752366455841	0.937850053148769	NS
-0.105080950225878	0.660482172737738	ATF6	0.625163433961254	0.520082483735376	0.937850053148769	NS
0.119929696114547	0.5903703476571	RXRA	0.844917826756191	0.964847522870738	0.937850053148769	NS
-0.132694418351056	0.575349215128839	RANDOM3_3_minP	-0.500026455486001	-0.632720873837057	0.937850053148769	NS
0.0808903721059852	0.712475234175034	OTX1	-1.17560126265123	-1.09471089054524	0.937850053148769	NS
-0.113647087845684	0.814756122814386	THRB	-0.744804528927405	-0.858451616773089	0.973180924472739	NS
-0.180159286186882	0.681605072037954	RARA	-2.73959720104776	-2.91975648723464	0.937850053148769	NS
-0.0556752806183128	0.86432025080749	RUNX2	-1.20969872832015	-1.26537400893846	0.984327124014763	NS
-0.0761388964558205	0.813914325892162	NFIA	-1.54293284250081	-1.61907173895663	0.973180924472739	NS
-0.0582309183556535	0.857691746773357	AR	-1.22518827679346	-1.28341919514912	0.984327124014763	NS
0.0162706118196754	0.937246937225767	MYBL2	-0.938892145906494	-0.922621534086818	0.984327124014763	NS
-0.0629221036443438	0.806097987776802	CEBPA	-1.31034565770496	-1.3732677613493	0.973180924472739	NS
0.00350952737648793	0.993076826109205	STAT1	-1.88609186026065	-1.88258233288416	0.999728626101364	NS
-0.0124611536648914	0.963790994357935	ATF2	-0.789576000669457	-0.802037154334349	0.992584309209231	NS
0.019482791113413	0.933893263362556	ZFP42	-1.10710560575967	-1.08762281464626	0.984327124014763	NS
-0.0766814452291877	0.708807707324102	RANDOM3_1_minP	-0.492112541386278	-0.568793986615466	0.937850053148769	NS
-0.101319123837782	0.696722126237442	FOXO1	-0.7812161917353	-0.882535315573083	0.937850053148769	NS
0.0480598422738762	0.765026199963281	POU5F1::SOX2	2.77115148855209	2.81921133082597	0.967533135247679	NS
-0.0707774273507008	0.735349126501528	GRHL1	0.836928337222559	0.766150909871859	0.948600373186971	NS
8.25185066731509e-05	0.999728626101364	ZFX	-0.367767676555804	-0.367685158049131	0.999728626101364	NS
-0.0414974126587639	0.787885615791269	POU2F1	0.513387275700096	0.471889863041332	0.973180924472739	NS
-0.502096768755984	0.0156135384711259	RANDOM1_1_mCMV	-2.39042315146586	-2.89251992022185	0.497478146888994	NS
-0.298544791612118	0.0250341483430868	REL	0.81269553234811	0.514150740735992	0.497478146888994	NS
-0.364082557295231	0.027164321068845	NR1I3	-1.89508556032017	-2.2591681176154	0.497478146888994	NS
0.343774009182934	0.0330992577992432	STAT4	-0.113542608826492	0.230231400356442	0.497478146888994	NS
0.31952542845206	0.0424206171765809	SREBF1	-1.96967808512172	-1.65015265666966	0.497478146888994	NS
0.239499291134496	0.0761120967189079	IRF1	-2.04965879387943	-1.81015950274494	0.596477156396821	NS
-0.442998754934075	0.0414031338662335	VDR::RXRA	-1.6680140646335	-2.11101281956757	0.497478146888994	NS
0.322129775859914	0.0485372450698058	TCF7	2.19144661000076	2.51357638586067	0.521775384500412	NS
-0.316684333033528	0.0754883235975762	FOSL1	-0.983889539240802	-1.30057387227433	0.596477156396821	NS
0.461994182300973	0.0801011580352286	PPARG::RXRA	-2.4924960247034	-2.03050184240243	0.596477156396821	NS
0.444628988427063	0.0883511059273476	RANDOM3_2_mCMV	-1.74787620805915	-1.30324721963208	0.596477156396821	NS
0.379932895336331	0.0983938344552425	ESR1	-2.02421620593151	-1.64428331059518	0.596477156396821	NS
0.395425299407008	0.106348640287805	NFATC1	-2.03370953381334	-1.63828423440634	0.596477156396821	NS
0.303426524569675	0.105676408222933	STAT1::STAT2	-2.33014241423349	-2.02671588966381	0.596477156396821	NS
0.236375595269748	0.121901462149408	SOX2	0.884638851607942	1.12101444687769	0.627962215333062	NS
-0.328053534182548	0.126566027896586	SMAD2::SMAD3::SMAD4	-1.55209266566966	-1.88014619985221	0.627962215333062	NS
0.33603911176636	0.149772326301233	WT1	-1.46900764067202	-1.13296852890566	0.698590290175993	NS
0.26206265997972	0.186427064223099	HIF1A	-0.931022738518145	-0.668960078538425	0.742723434559868	NS
-0.356151168955778	0.192957321628953	IRX3	-0.332010943453518	-0.688162112409296	0.742723434559868	NS
-0.336503992217501	0.214992051567244	TP53	2.5478150528493	2.2113110606318	0.742723434559868	NS
-0.157171346745849	0.234493705579637	KLF4	0.126489083027289	-0.0306822637185596	0.742723434559868	NS
-0.326649392472792	0.240721158022221	SOX9	-2.08986445218631	-2.4165138446591	0.742723434559868	NS
-0.254074920532454	0.243043364337188	TFAP2A	-1.95209095546146	-2.20616587599391	0.742723434559868	NS
-0.298454596996438	0.258706981897312	AHR::ARNT	-1.19437261690136	-1.4928272138978	0.742723434559868	NS
-0.35562574164714	0.259089570195303	CEBPB	0.133669650280296	-0.221956091366843	0.742723434559868	NS
0.197827401081826	0.271758608453177	RANDOM2_3_mCMV	-2.52579736152815	-2.32796996044633	0.762105662836083	NS
0.175439644295454	0.284466969969787	MEF2A	0.861530722117164	1.03697036641262	0.780771045236224	NS
0.171816321996529	0.299158095684497	MYC	-0.312762121954372	-0.140945799957843	0.803987382152086	NS
0.187446253654565	0.333202573496798	GATA1	-2.70810332865891	-2.52065707500434	0.859662639621738	NS
0.140324144040603	0.346145600516924	NR4A1	-1.50352794060817	-1.36320379656756	0.864178473743871	NS
0.131512220521188	0.377096482032118	HNF4A	-0.682273880893727	-0.550761660372539	0.917838607210249	NS
-0.140615971162608	0.400869077705698	E2F1	0.894738499103013	0.754122527940404	0.923430554000625	NS
-0.153255642260737	0.395898191501104	HNF1A	0.344983734824515	0.191728092563778	0.923430554000625	NS
0.189156613771562	0.432526503628724	SRF	-1.02981779504856	-0.840661181276994	0.937850053148769	NS
0.244003560812477	0.446782325171125	NR1D1	-2.74173291213941	-2.49772935132694	0.937850053148769	NS
0.116374220158737	0.465361105664361	NR1H4::RXRA	-0.857145097593862	-0.740770877435126	0.937850053148769	NS
-0.122803793609066	0.453129317093127	NFYA	0.380197304266	0.257393510656934	0.937850053148769	NS
-0.14678231199534	0.507157110112475	POU5F1	-0.668456777545101	-0.815239089540441	0.937850053148769	NS
0.104281737779246	0.524551584728454	RARA:RXRA	-0.424868099936264	-0.320586362157018	0.937850053148769	NS
-0.102645703553851	0.491634730414351	MTF1	2.38520343525635	2.2825577317025	0.937850053148769	NS
-0.0964771321565789	0.550222211713732	FOS::JUN	0.562999278540985	0.466522146384406	0.937850053148769	NS
0.0893074252524783	0.582880083565995	TEAD1	0.810626469356492	0.89993389460897	0.937850053148769	NS
-0.0845793187093726	0.721670868147751	CLOCK	1.21644171163287	1.1318623929235	0.940359010010705	NS
-0.113100358129159	0.694209470901333	THRA	-1.82854260013906	-1.94164295826822	0.937850053148769	NS
-0.0198431919831753	0.896601990083454	NRF1	2.47917893033757	2.45933573835439	0.984327124014763	NS
-0.0399724199365974	0.886091842726441	NR3C1	-2.70839680705304	-2.74836922698964	0.984327124014763	NS
-0.100344193042106	0.64683625232273	RANDOM2_1_mCMV	-2.31386107065354	-2.41420526369565	0.937850053148769	NS
-0.0811518899742564	0.67970239066322	MAF::NFE2	1.99972029718028	1.91856840720603	0.937850053148769	NS
0.0666868571377462	0.680623279693497	TFEB	1.37616223384943	1.44284909098718	0.937850053148769	NS
-0.0510224673155219	0.870326089526508	NR1H2	1.44777832410033	1.39675585678481	0.984327124014763	NS
-0.0838404923900384	0.622107344048701	NR5A2	-1.88596135658036	-1.9698018489704	0.937850053148769	NS
0.0723195206190706	0.661148849607981	RANDOM3_1_mCMV	-1.83816824958111	-1.76584872896204	0.937850053148769	NS
-0.0855067892373395	0.667617493557227	RANDOM1_2_mCMV	-1.77812871679084	-1.86363550602818	0.937850053148769	NS
0.0493281363312039	0.880132768788333	RORA	-2.25408494077323	-2.20475680444202	0.984327124014763	NS
-0.0218898076519632	0.922095272228656	EGR1	-1.91864953734259	-1.94053934499455	0.984327124014763	NS
-0.00370351036753959	0.987381137912319	TFCP2L1	1.51067840404395	1.50697489367641	0.999728626101364	NS
-0.0245338748012582	0.879684482631428	RANDOM3_3_mCMV	-1.87146166682943	-1.89599554163068	0.984327124014763	NS
0.00712802397835385	0.969500953181109	GATA4	2.12758046042032	2.13470848439868	0.992584309209231	NS
-0.0487024203330386	0.806993122610507	GLI1	-2.38281120729535	-2.43151362762839	0.973180924472739	NS
0.0610120334442923	0.809848608110137	RBPJ	-2.07411878254828	-2.01310674910399	0.973180924472739	NS
-0.0271904166145962	0.900715338056077	RANDOM2_2_mCMV	-2.26674286665075	-2.29393328326535	0.984327124014763	NS
-0.0535671141095599	0.707843448703507	XBP1	-0.643899088275622	-0.697466202385182	0.937850053148769	NS
-0.0251210892455068	0.892202102507892	NR4A2::RXRA	0.597173016927037	0.57205192768153	0.984327124014763	NS
-0.0116591806356274	0.946174909905663	RANDOM1_3_mCMV	-2.2006379415568	-2.21229712219242	0.984327124014763	NS
-0.0189095974185725	0.93759021450648	HSF1	-2.30851160309219	-2.32742120051076	0.984327124014763	NS
-0.096157325530416	0.66687843154655	NR1I2	-1.57775681752279	-1.6739141430532	0.937850053148769	NS
0.594019510743866	0.00566498424787246	FOXA1	-2.37004725826421	-1.77602774752035	0.365391483987774	NS
0.506210931961679	0.0692727714325311	RANDOM1_1_Random	-1.83430647417901	-1.32809554221733	0.596477156396821	NS
0.671413579028945	0.151632000968433	NR3C2	-1.01828253654345	-0.346868957514506	0.698590290175993	NS
-0.194075347775255	0.221680268847385	SP1	1.42854701579044	1.23447166801518	0.742723434559868	NS
0.171077824152599	0.763986054285318	RFX1	-0.683830807295042	-0.512752983142443	0.967533135247679	NS
0.172910269986579	0.441151564263334	RANDOM3_1_Random	-0.448970626289262	-0.276060356302684	0.937850053148769	NS
0.10995556270467	0.604997105664035	RANDOM2_1_Random	-1.17252770921125	-1.06257214650658	0.937850053148769	NS
0.501049124322328	0.00452180137864625	TCF7L2	1.8010326855489	2.30208180987123	0.365391483987774	NS
0.399878216732841	0.0268033994693402	IRF3	1.35423331056372	1.75411152729656	0.497478146888994	NS
-0.373896485101994	0.035566051585479	NFKB1	-1.56479216236918	-1.93868864747117	0.497478146888994	NS
-0.328989735590102	0.0846285900855262	GBX2	-2.22915736206888	-2.55814709765898	0.596477156396821	NS
-0.23326262849953	0.126331875135657	ESRRB	-1.83306558642475	-2.06632821492428	0.627962215333062	NS
0.225471385168946	0.184055953776006	RANDOM3_2_hBGm	-2.06191046766198	-1.83643908249304	0.742723434559868	NS
-0.389606051631937	0.220276324939367	RANDOM1_2_hBGm	-2.56062990549249	-2.95023595712443	0.742723434559868	NS
-0.204035800730624	0.348351012671948	CREB1	-1.67433150742349	-1.87836730815411	0.864178473743871	NS
-0.14303916745513	0.323341027621814	NFE2L2	2.41122710317326	2.26818793571813	0.85124474618804	NS
0.324121061790176	0.390608109130919	RANDOM3_1_hBGm	-2.09695643400173	-1.77283537221155	0.923430554000625	NS
-0.211945722941449	0.42302361344076	SMAD4	-1.82097754036203	-2.03292326330347	0.937850053148769	NS
0.174919034834756	0.436721955118331	NEUROG2	-3.27241693989497	-3.09749790506022	0.937850053148769	NS
0.0904712196161744	0.677614063205041	RANDOM1_1_hBGm	-2.92238786469624	-2.83191664508006	0.937850053148769	NS
-0.121323406896848	0.516561992138338	RANDOM2_2_hBGm	-2.50865838515607	-2.62998179205291	0.937850053148769	NS
-0.116214115934667	0.565038210461072	RANDOM3_3_hBGm	-1.96732417380498	-2.08353828973965	0.937850053148769	NS
0.127828233500758	0.568767430662322	RANDOM2_3_hBGm	-2.74493499264677	-2.61710675914601	0.937850053148769	NS
-0.105709083831544	0.64918217437259	RANDOM1_3_hBGm	-3.01027495151853	-3.11598403535008	0.937850053148769	NS
-0.0948047286334262	0.507660150701268	ELK1	2.09969968227917	2.00489495364574	0.937850053148769	NS
0.066481205450654	0.705324137936988	STAT3	1.70018004145075	1.76666124690141	0.937850053148769	NS
0.0753286301787633	0.623787969777488	PAX6	-2.4747960678983	-2.39946743771954	0.937850053148769	NS
-0.0138519010179451	0.944902978226701	RANDOM2_1_hBGm	-2.80706753802586	-2.82091943904381	0.984327124014763	NS
-0.0610331634601709	0.845986878057072	HOMEZ	-3.05753507948422	-3.11856824294439	0.984327124014763	NS
