logFC	P.Value	tf	Norm	HS	p_adjusted	sig
1.26556073849134	7.72458274235877e-06	RXRA	-2.59531413553312	-1.32975339704179	6.64314115842854e-05	Upregulated
0.890532652392137	5.26129997216332e-05	NFIA	-2.07246950699731	-1.18193685460517	0.000357214577057404	Upregulated
1.05749896735368	0.000100939747813226	RANDOM3_2_minP	-2.32108524389711	-1.26358627654343	0.000651061373395306	Upregulated
0.874945241454115	0.000108370604744025	THRB	-2.03281645379274	-1.15787121233863	0.000665705143427582	Upregulated
0.723025883906339	0.00139089732222092	PPARA::RXRA	-2.33385581930713	-1.61082993540079	0.00717703018265996	Upregulated
0.617413799841586	0.00229059927997507	RUNX2	-1.56858831285356	-0.951174513011979	0.0109439743376586	NS
-0.336953873607521	0.00267605810686597	ELK1_A	3.83440559810626	3.49745172449874	0.0119038446822659	NS
0.603311557670227	0.00285063444945483	ATF6	-2.13873780240093	-1.5354262447307	0.0122577281326558	NS
0.689266692069588	0.00406429652536007	POU2F1	-0.00260274431279661	0.686663947756792	0.0166064960844178	NS
0.578158065449463	0.00425591091368813	RANDOM3_1_minP	-2.16607794499592	-1.58791987954646	0.016636742662599	NS
0.741121616803629	0.00475252033373973	SREBF1	-2.05941057324956	-1.31828895644593	0.0175164320872121	NS
0.724594152676749	0.00513809369842362	RARA	-2.71865286166564	-1.99405870898889	0.0184115024193513	NS
0.570603160459504	0.00534804669368282	AR	-2.53478572153552	-1.96418256107601	0.0186458925266239	NS
0.594640522743016	0.00821912110561579	MYBL2	-2.43794346687353	-1.84330294413052	0.0279017532269589	NS
0.684832251286803	0.0118030258701024	WT1	-2.15803995058904	-1.47320769930223	0.0371363496888587	NS
0.801575208654261	0.0148321205351958	NR1I3	-2.22994222315622	-1.42836701450196	0.0434850806600059	NS
0.440646491104884	0.0222996610481025	PGR	-2.32431059525	-1.88366410414511	0.0622190697342793	NS
0.61339337668898	0.0231465351563703	NR3C2	-2.0641017798274	-1.45070840313842	0.0622190697342793	NS
0.547646917114215	0.0277610692140867	AHR::ARNT	-1.77277533787821	-1.225128420764	0.0688688063195613	NS
0.495392224695992	0.0352806354190757	RANDOM2_3_minP	-2.24296700540278	-1.74757478070679	0.081271463733228	NS
0.536323096077032	0.0436582985732731	RANDOM2_1_minP	-2.39163263853967	-1.85530954246264	0.0954562799313937	NS
0.488053405243557	0.042205103277438	HIF1A	-2.27926908125946	-1.7912156760159	0.0938699710825776	NS
0.509606170730828	0.066373516891769	OTX1	-2.49408641788572	-1.9844802471549	0.120594136324482	NS
0.449954027340119	0.073642424096803	ONECUT1	-1.87405474921901	-1.42410072187889	0.128376658222805	NS
0.394761607025847	0.0940502432746923	GRHL1	-2.11667944830307	-1.72191784127722	0.155544633108145	NS
0.378066343058191	0.109488084144625	RANDOM1_1_minP	-2.21338636430422	-1.83532002124603	0.170367716454755	NS
0.367262860634976	0.133433753535182	RANDOM1_3_minP	-2.34604901000701	-1.97878614937204	0.202505343600453	NS
-0.220889596253563	0.184870443451037	ETS2	3.31015500627681	3.08926541002325	0.259220513099823	NS
0.320954957047667	0.154257389870109	RANDOM3_3_minP	-2.10416257285473	-1.78320761580706	0.228726474634989	NS
0.366150862865894	0.150943480467567	RANDOM2_2_minP	-2.30222208193989	-1.936071219074	0.22641522070135	NS
0.366513071404309	0.189021573687305	RANDOM1_2_minP	-2.20671338811567	-1.84020031671136	0.262191215114649	NS
-0.208914001706558	0.232643865576199	ATF2	0.484841407695733	0.275927405989175	0.31463623753435	NS
0.267065363350756	0.234147897699981	ZFP42	-2.48952492835323	-2.22245956500248	0.31463623753435	NS
0.215918457103704	0.259536188222237	STAT1	-1.25348585534317	-1.03756739823947	0.345156374027512	NS
0.267581312352398	0.332481951253265	ATF4	1.05819786892556	1.32577918127796	0.424655165462091	NS
0.148181982205669	0.536641943415119	CEBPA	-1.83239940250125	-1.68421742029558	0.635108355050921	NS
-0.015806175749193	0.911807404145735	GATA4	-1.02505519288832	-1.04086136863752	0.948573831732257	NS
7.16262846754891	1.65473443457748e-81	HSF1	-2.22244344848959	4.94018501905931	2.13460742060494e-79	Upregulated
-1.65573653346148	3.23732084165869e-16	REL	2.89234123866412	1.23660470520264	2.08807194286985e-14	Downregulated
-1.55760615347697	7.50234039638554e-14	ELK1_B	2.93178222342877	1.37417606995181	3.22600637044578e-12	Downregulated
-1.54405072435863	3.27932636164411e-13	MAF::NFE2	2.81505826421384	1.27100753985521	1.05758275163023e-11	Downregulated
-1.35819664365716	5.73462280194943e-12	NRF1	3.14093320554823	1.78273656189107	1.47953268290295e-10	Downregulated
-1.1722409787058	2.36323188966327e-09	STAT1::STAT2	3.39339010928694	2.22114913058114	4.35509876809375e-08	Downregulated
1.05931448204841	9.66169983320961e-08	EGR1	-2.32600568293653	-1.26669120088811	1.38484364276004e-06	Upregulated
-0.950011240778837	2.39269264135301e-07	FOS::JUN	1.31269301264306	0.36268177186422	3.08657350734539e-06	Downregulated
-0.930961675923804	3.4092188355746e-06	TFEB	0.00666244354271499	-0.924299232381089	3.38299407530095e-05	Downregulated
-0.842368526685451	4.52121673803817e-06	TP53	-0.257034272410129	-1.09940279909558	4.16597828004946e-05	Downregulated
-0.562399462384277	0.00241441108312548	GATA3	-1.8928892773024	-2.45528873968668	0.0111235367758281	NS
-0.503089547742893	0.00443706458888801	FOSL1	-1.77036512355104	-2.27345467129394	0.0168347450578398	NS
-0.455479980823412	0.00992919026181807	NR5A2	-2.0940081620058	-2.54948814282921	0.0320216385943633	NS
-0.4591939697335	0.0140991858582712	NFYA	-1.07458317176055	-1.53377714149405	0.0422975575748135	NS
-0.429956722700351	0.0161091483108468	XBP1	-1.4131671881208	-1.84312391082115	0.0461795584910942	NS
-0.414769694784199	0.0274675074154648	GLI1	-2.6542776143523	-3.0690473091365	0.0688688063195613	NS
-0.374996823755044	0.0309023966776224	MTF1	0.17207999922378	-0.202916824531263	0.0752152673851564	NS
-0.433047118549626	0.0351224683374761	CEBPB	-1.59896876846607	-2.0320158870157	0.081271463733228	NS
-0.3898732218097	0.0395825498462812	TCF7	-2.23500638680856	-2.62487960861826	0.0895815601784258	NS
-0.364069663868727	0.0451993168718459	FOXA1	-1.97747797641743	-2.34154764028616	0.0955854405978381	NS
-0.350993230981883	0.05145578949511	IRF1	-1.64869727971002	-1.99969051069191	0.105054230775323	NS
-0.356216437625259	0.0530047371804057	NFAT5	-2.16076182694498	-2.51697826457024	0.105194016865728	NS
-0.354750580715894	0.0564183871913119	E2F1	-1.91156155673001	-2.2663121374459	0.108626446980287	NS
-0.346942827718184	0.0554097047231386	MYC	-1.84557157628121	-2.1925144039994	0.108300786504316	NS
-0.355787111523302	0.0574463915093897	RANDOM3_3_mCMV	-2.20895504383972	-2.56474215536302	0.108979183892813	NS
0.334731823378477	0.0645707538159539	TFAP2A	-2.30485914394385	-1.97012732056537	0.120594136324482	NS
-0.326836770663753	0.0693622324381801	NR4A2::RXRA	-2.0611296725599	-2.38796644322366	0.122571616226373	NS
-0.315306779385917	0.0684472317295293	TEAD1	-2.02266632551991	-2.33797310490583	0.122571616226373	NS
-0.333787271755122	0.0775797285586592	SMAD2::SMAD3::SMAD4	-2.39568683238852	-2.72947410414364	0.133437133120894	NS
-0.30361497977346	0.0820653522762097	RANDOM2_3_mCMV	-2.19717913094105	-2.50079411071451	0.138754893016984	NS
0.306475434240912	0.082822688079905	SRF	-1.91850543899446	-1.61203000475354	0.138754893016984	NS
-0.308221172737178	0.100483378946181	NR1I2	-1.96238440030742	-2.2706055730446	0.164080454228574	NS
-0.311478514938277	0.10235146528779	POU5F1::SOX2	-1.36206822034441	-1.67354673528268	0.165041737776562	NS
0.289606816610426	0.109616437718951	HNF1A	-2.26943215003236	-1.97982533342193	0.170367716454755	NS
-0.256375012645567	0.156333740261653	POU5F1	-1.47818560734676	-1.73456061999233	0.229171051065377	NS
-0.242943526203811	0.162767546507642	RANDOM2_2_mCMV	-2.2249695720331	-2.46791309823691	0.235921499994222	NS
-0.238923673882101	0.166549945831416	NR4A1	-2.16254418667992	-2.40146786056202	0.236701586225356	NS
-0.234394117887267	0.166975537569825	CLOCK	-2.03572708122555	-2.27012119911282	0.236701586225356	NS
0.178188462804877	0.30813593782938	ESRRB	-2.85661829256277	-2.67842982975789	0.405607509999899	NS
0.175710132957108	0.319838090680175	PPARG::RXRA	-2.17160316926153	-1.99589303630442	0.416758724219621	NS
-0.173180353694871	0.32538672827138	RARA:RXRA	-2.12334579338537	-2.29652614708024	0.41974887947008	NS
-0.167035841193401	0.40819806441623	HNF4A	-2.09346646218322	-2.26050230337662	0.50632259913167	NS
-0.154230631645614	0.377003427140159	RANDOM1_3_mCMV	-2.21435182346112	-2.36858245510674	0.47563992954114	NS
-0.153692720278521	0.379774517385561	NR1H2	-1.76430630525638	-1.9179990255349	0.47563992954114	NS
-0.128665595980681	0.455671221546876	RORA	-2.19179037157293	-2.32045596755361	0.559824643614733	NS
0.121894797036667	0.481326350441952	NR3C1	-2.44021787656097	-2.31832307952431	0.585765086858602	NS
-0.123623180833318	0.506389913241434	NR1H4::RXRA	-2.25866584730144	-2.38228902813476	0.604854618593935	NS
-0.121298539623687	0.49137090873027	ZFX	-2.21914586388807	-2.34044440351175	0.5924004413664	NS
0.107129227891184	0.543273242364348	RBPJ	-2.32544703481351	-2.21831780692233	0.637111347863644	NS
0.0895611916497167	0.600587885998705	RANDOM1_1_mCMV	-2.46167575797981	-2.3721145663301	0.697980516160658	NS
-0.0831672866829748	0.639251890938234	ESR1	-2.10060963221271	-2.18377691889569	0.736281195812787	NS
-0.0820396471411406	0.645834139625695	VDR::RXRA	-2.08540482046188	-2.16744446760302	0.737279681519599	NS
0.0711429582968149	0.687615601042731	KLF4	-2.38703890500697	-2.31589594671015	0.771325326387063	NS
-0.0786211448108678	0.662686371576486	RANDOM3_2_mCMV	-2.17983361927994	-2.25845476409081	0.749881946783919	NS
0.058575371257049	0.756361058675885	RANDOM2_1_mCMV	-2.22552520377218	-2.16694983251513	0.841125660079217	NS
-0.0280268973255615	0.873103468821348	STAT4	-2.12670647795691	-2.15473337528247	0.923199569491425	NS
-0.0218845486279959	0.90039537526697	RANDOM3_1_mCMV	-2.12746689763487	-2.14935144626287	0.944317100889749	NS
0.0350746698827445	0.840950002100826	RANDOM1_2_mCMV	-2.11751914819236	-2.08244447830962	0.904021252258388	NS
0.0382693240519808	0.824812168972789	NFATC1	-1.93002782447876	-1.89175850042678	0.894124115945293	NS
-0.0400476898877533	0.821966180243789	TFCP2L1	-1.55521817125925	-1.59526586114701	0.894124115945293	NS
-0.00997173255493393	0.957505206887387	SOX2	-2.29681645162066	-2.30678818417559	0.988145373507783	NS
-0.00756316104930675	0.966174973395117	THRA	-2.11293652999094	-2.12049969104025	0.989179139428334	NS
0.000553178249404082	0.997440247825405	GATA1	-2.68574148995904	-2.68518831170963	0.999717531720236	NS
1.27166337594034	1.94262369550629e-10	CREB1	-1.95958428706712	-0.687920911126776	4.17664094533852e-09	Upregulated
0.799342286237502	5.51111176470919e-08	SP1	-1.85966991044281	-1.06032762420531	8.88666772059357e-07	Upregulated
0.879555151852197	4.16804271811779e-07	STAT3	-1.74617117970995	-0.866616027857754	4.88797736942905e-06	Upregulated
0.753937384146509	2.35884956833046e-06	SMAD4	-3.5574702254648	-2.80353284131829	2.53576328595524e-05	Upregulated
0.747426426438049	1.27991751855234e-05	PAX6	-3.32160080335201	-2.57417437691396	0.000103193349933283	Upregulated
0.897930997548078	1.52066346610127e-05	IRX3	-1.70008045409532	-0.802149456547242	0.00011539152183945	Upregulated
-0.696433799760429	2.04229763814748e-05	NFKB1	1.5157828071285	0.819349007368075	0.000146364664067236	Downregulated
0.631679551966451	0.000511529503994885	RANDOM3_2_hBGm	-3.20515211605822	-2.57347256409177	0.00299942300069728	Upregulated
0.527050379076763	0.00079948011283591	RANDOM3_3_hBGm	-3.15611624763271	-2.62906586855595	0.00448404063286228	Upregulated
0.502855621681295	0.000924877510236614	RANDOM2_1_hBGm	-3.19052960781206	-2.68767398613076	0.0049712166175218	Upregulated
0.343791486663733	0.00149830436119514	GBX2	-3.35976849624993	-3.0159770095862	0.0074338947151605	Upregulated
0.383951765665524	0.0041194408891579	HOMEZ	-2.6444842000749	-2.26053243440938	0.0166064960844178	NS
0.488654418882242	0.00865420861339265	RANDOM3_1_hBGm	-2.89830796776647	-2.40965354888423	0.0286254592596834	NS
0.522632928951343	0.0125686238457116	RANDOM2_2_hBGm	-3.09525864564854	-2.57262571669719	0.0386036303832572	NS
0.419070306193338	0.0231512817615923	RANDOM1_2_hBGm	-3.14349670951169	-2.72442640331835	0.0622190697342793	NS
0.321760289855571	0.024092461150896	RANDOM1_3_hBGm	-3.19595192563774	-2.87419163578217	0.0634270916013385	NS
0.372532943227112	0.044940231289144	RANDOM1_1_hBGm	-3.10507590264362	-2.73254295941651	0.0955854405978381	NS
-0.299670390467279	0.0497119551896607	NFE2L2	2.62125392139748	2.32158353093021	0.103432939023649	NS
0.331359715858404	0.0521199284466719	NEUROG2	-2.93277196600556	-2.60141225014715	0.105054230775323	NS
0.276256873440367	0.0662132560829163	RANDOM2_3_hBGm	-3.26326235354143	-2.98700548010106	0.120594136324482	NS
0.318610689251349	0.10704490602332	TCF7L2	-3.05687329167632	-2.73826260242497	0.170367716454755	NS
0.24100855315322	0.121624776541328	IRF3	3.24882048225866	3.48982903541188	0.186780906831324	NS
0.414964363982197	0.027253090251733	SOX9	-0.0585373696453997	0.356426994336797	0.0688688063195613	NS
-0.390601910518775	0.0321307426409558	RFX1	0.64911846124655	0.258516550727775	0.0767567740867276	NS
-0.248327319378095	0.194561843231996	RANDOM3_1_Random	-0.126344160625977	-0.374671480004072	0.267005082733271	NS
-0.0353106325256112	0.867306379816387	FOXO1	-0.0477773333407906	-0.0830879658664018	0.923199569491425	NS
7.10339676984694e-05	0.999717531720236	RANDOM2_1_Random	-0.213493923293012	-0.213422889325313	0.999717531720236	NS
0.0437561117761832	0.815970909237489	MEF2A	-0.0686132361436857	-0.0248571243675025	0.894124115945293	NS
-0.00244284109267062	0.989628931784631	RANDOM1_1_Random	-0.257826403293887	-0.260269244386558	0.999717531720236	NS
