logFC	P.Value	tf	DMSO	HQ	p_adjusted	sig
1.01046931248226	1.28176889814579e-06	ATF4	1.84072457968698	2.85119389216924	0.000165348187860807	Upregulated
-0.671434796866147	0.00211314513592927	PPARA::RXRA	-0.29768413814064	-0.969118935006787	0.0129807486921369	NS
-0.531061646407942	0.00247896887674025	FOXO1	0.0371474986623628	-0.493914147745579	0.0138703753048213	NS
-0.587447811147286	0.00351329355910681	RANDOM2_1_minP	-0.153959479359223	-0.741407290506509	0.0156280989353372	NS
-0.543566397233488	0.00476686448773161	RARA	-0.664243232797513	-1.207809630031	0.0204975172972459	NS
-0.41727390414534	0.0219287037193574	ONECUT1	-0.246228295918737	-0.663502200064077	0.0642909722681159	NS
-0.433936724458879	0.0354024883704714	RXRA	-0.587845497753383	-1.02178222221226	0.0815521607105502	NS
-0.395438333337113	0.0372933835814883	ZFP42	-0.112493824128887	-0.507932157466	0.0844008154738947	NS
-0.398132358157678	0.0802818758611878	STAT1	-0.576512563421841	-0.974644921579519	0.150092202697003	NS
-0.298037703072555	0.0929258799541707	NFIA	-0.125430709683499	-0.423468412756053	0.164211486494357	NS
-0.295206680647622	0.104673112617525	RUNX2	-0.124089464702097	-0.419296145349719	0.175361448411178	NS
-0.308941051270326	0.0981584259206913	MYBL2	-0.292690613607734	-0.60163166487806	0.170639340008598	NS
-0.288858337048952	0.121637056939884	RANDOM2_2_minP	-0.57146450313356	-0.860322840182512	0.19862253601576	NS
-0.294886510667384	0.141245640458405	AR	-0.809759930121827	-1.10464644078921	0.219526356857039	NS
-0.23820858916908	0.133984678193134	ZFX	-0.481361587047416	-0.719570176216497	0.213383006011287	NS
-0.249746467886497	0.159143792638278	RANDOM2_3_minP	-0.881598018488865	-1.13134448637536	0.242903250415121	NS
0.238447581403163	0.161008114023566	CEBPA	0.0487258123377635	0.287173393740927	0.242903250415121	NS
-0.242207746540936	0.209116763036464	OTX1	-0.530091252111807	-0.772298998652742	0.296440246502241	NS
-0.239548260201829	0.246997094019558	RANDOM1_1_minP	-0.485759815761254	-0.725308075963083	0.342349016245132	NS
-0.214519835292773	0.352464321372098	RANDOM1_2_minP	-0.159864376012003	-0.374384211304775	0.450177202544561	NS
-0.215399202531004	0.442005873387123	GATA3	-0.349632732643439	-0.565031935174443	0.513682501503954	NS
0.193463775978576	0.350902337405196	RANDOM3_3_minP	-0.608011935021351	-0.414548159042776	0.450177202544561	NS
-0.153009429907444	0.420807231866885	NFAT5	-0.596513980276853	-0.749523410184297	0.502630860285445	NS
0.173192352897065	0.420403429076116	ATF2	1.24602292716428	1.41921528006135	0.502630860285445	NS
0.155636544753684	0.380269697822707	GRHL1	-0.588376217621537	-0.432739672867854	0.471680682876243	NS
0.139548373737195	0.566642979716899	ETS2	3.77539989113887	3.91494826487606	0.641201266521754	NS
-0.137634680302462	0.441040835140648	RANDOM3_2_minP	-0.0973420144737083	-0.234976694776171	0.513682501503954	NS
-0.0173517865098071	0.93376577973655	RANDOM1_3_minP	-0.90495536583168	-0.922307152341487	0.941060824890742	NS
0.0681374017130155	0.736860724888332	POU2F1	1.12992821435223	1.19806561606525	0.792125279254956	NS
-0.0672515531414951	0.780041238678674	PGR	-0.702080956378735	-0.76933250952023	0.813584333083528	NS
0.0938526955055825	0.575729883142396	POU5F1::SOX2	0.239688773120101	0.333541468625684	0.64581873848147	NS
-0.0590552734792275	0.807858820299783	THRB	0.458581698545047	0.39952642506582	0.833710302549376	NS
0.0185969517194655	0.927463928044609	ATF6	-0.447310836765738	-0.428713885046273	0.941060824890742	NS
-0.0153060930207038	0.942976161329946	RANDOM3_1_minP	-0.566835090511519	-0.582141183532223	0.942976161329946	NS
0.782317247043562	4.51997484495965e-06	MAF::NFE2	2.45029427809832	3.23261152514188	0.000291538377499898	Upregulated
-0.912875322669799	0.000109806136173984	SREBF1	-1.245644101263	-2.1585194239328	0.00354124789161097	Downregulated
-0.806828746340937	0.000251910296130394	MEF2A	-1.34013458458004	-2.14696333092098	0.004947997348996	Downregulated
-0.628922759911758	0.000655585442743745	NR4A1	-1.90425664226874	-2.5331794021805	0.0058040064958708	Downregulated
-0.715956027492349	0.000891273772178592	RARA:RXRA	-0.846106903477859	-1.56206293097021	0.0071858947881899	Downregulated
-0.689324291972498	0.00132788619140173	KLF4	-1.32307321132767	-2.01239750330017	0.00921813203827093	Downregulated
-0.624977232671996	0.00142916775787146	NR1H4::RXRA	-1.49545675718981	-2.12043398986181	0.00921813203827093	Downregulated
-0.669833401676759	0.00253146986721704	NR1I2	-1.20245466173903	-1.87228806341579	0.0138703753048213	NS
-0.717448190815921	0.00287109831392809	PPARG::RXRA	-1.27807477546284	-1.99552296627876	0.0142450647114124	NS
-0.492851874885552	0.00613605593205974	GLI1	-1.95864310010172	-2.45149497498728	0.0255339101688937	NS
-0.65217229304607	0.00707969024280854	NR3C1	-2.08708608842642	-2.73925838147249	0.0279749070685858	NS
-0.631288414650524	0.00788629235614855	RORA	-1.42173916328895	-2.05302757793947	0.0297842378404178	NS
-0.578634641740933	0.00808099476290405	SMAD2::SMAD3::SMAD4	-1.88286957496331	-2.46150421670424	0.0297842378404178	NS
-0.593885567898438	0.0142958078144103	TCF7	-1.35358495717288	-1.94747052507131	0.048530505475235	NS
-0.484274002629544	0.0131064059315248	RANDOM3_3_mCMV	-1.90430776162711	-2.38858176425665	0.0456953071666676	NS
-0.469063296157282	0.0153284284684043	E2F1	-1.59619693553929	-2.06526023169657	0.0507017249339528	NS
-0.5498596928724	0.0158468047188988	SOX2	-1.57629836877444	-2.12615806164684	0.0511059452184488	NS
-0.475189739681982	0.0187644921123055	RANDOM2_1_mCMV	-1.7889493411852	-2.26413908086718	0.0588578399671918	NS
0.338640482203063	0.0191630176637369	NRF1	3.15513709307856	3.49377757528163	0.0588578399671918	NS
-0.490208968494255	0.0215355600772839	NR4A2::RXRA	-1.4953668294419	-1.98557579793615	0.0642909722681159	NS
-0.435451006514477	0.0238689293172137	HIF1A	-1.84929746006353	-2.284748466578	0.0657533700282137	NS
-0.669204861053786	0.0243803919814671	NR5A2	-1.22585753779839	-1.89506239885217	0.0657533700282137	NS
-0.50964438225894	0.0244663702430563	CLOCK	-0.869249835489965	-1.3788942177489	0.0657533700282137	NS
-0.477822741168322	0.0243574129254151	NR1I3	-1.6786880411544	-2.15651078232272	0.0657533700282137	NS
-0.456013432359128	0.026953002088864	RBPJ	-1.30149822814529	-1.75751166050441	0.0709579034584378	NS
-0.409808742523945	0.0305679712919439	WT1	-1.23325531349245	-1.64306405601639	0.0788653659332153	NS
-0.458510984173087	0.0325216379099622	IRX3	-0.447866169426936	-0.906377153600023	0.0801019235680251	NS
-0.334794324791171	0.0329995820361191	MYC	-0.999591662775442	-1.33438598756661	0.0801019235680251	NS
-0.4554912957945	0.0443891469685946	RANDOM1_1_mCMV	-1.83864715519175	-2.29413845098625	0.0954366659824785	NS
-0.379775922878286	0.0424733374099832	SRF	-0.259634359007938	-0.639410281886225	0.0944665607911696	NS
-0.40772704478702	0.0432240598191379	TEAD1	-1.25421280394974	-1.66193984873676	0.0945068426554031	NS
0.401889639950976	0.0522435590991737	FOS::JUN	1.27413608451753	1.6760257244685	0.108700308448281	NS
-0.439060001803102	0.0502306334422353	TFAP2A	-1.83352885509813	-2.27258885690123	0.106225437935219	NS
-0.39226535069707	0.055433452744449	RANDOM2_2_mCMV	-1.92431326636017	-2.31657861705724	0.11173305318803	NS
-0.415050078744793	0.0618754222283128	STAT4	-1.32192481037693	-1.73697488912173	0.12093832526443	NS
-0.405929693769644	0.0669315802644793	THRA	-1.06326148720944	-1.46919118097909	0.128868266479371	NS
-0.421837960071483	0.0750568390923572	EGR1	-1.66628412614726	-2.08812208621875	0.142387238866384	NS
-0.278503718342266	0.0822076338982917	GATA4	-0.506527455321288	-0.785031173663553	0.151496925326852	NS
-0.294313675926791	0.0873238396286034	FOSL1	-0.869549139184295	-1.16386281511109	0.156455212667914	NS
-0.360313752205084	0.0992549357013976	CEBPB	-0.338035035314138	-0.698348787519221	0.170639340008598	NS
-0.363522587743166	0.100531704191112	AHR::ARNT	-1.06043189106144	-1.42395447880461	0.170639340008598	NS
0.203418786114477	0.118579322586637	MTF1	0.528177454014182	0.731596240128659	0.196111956585591	NS
-0.3427119094134	0.12681169053123	POU5F1	-1.15536739354342	-1.49807930295682	0.204483850981609	NS
-0.35903236799601	0.140658681065664	RANDOM1_2_mCMV	-1.65680432869458	-2.01583669669059	0.219526356857039	NS
-0.274613850196097	0.161935500276748	RANDOM1_3_mCMV	-2.05392619134922	-2.32854004154531	0.242903250415121	NS
-0.243519653085671	0.179539650049993	ESR1	-1.05254434284058	-1.29606399592625	0.266213963867231	NS
-0.280724667066125	0.201157508200302	TFCP2L1	-0.412375749301565	-0.69310041636769	0.288325761753767	NS
0.323014976874108	0.187537375424986	STAT1::STAT2	2.50849447181423	2.83150944868834	0.272440963447333	NS
-0.251042328901174	0.187963145324129	GATA1	-2.16170554097398	-2.41274786987516	0.272440963447333	NS
-0.245691582127764	0.258217639771799	NR1D1	-2.01756077832489	-2.26325236045265	0.346979953443355	NS
-0.29266366152747	0.249660308380663	RANDOM2_3_mCMV	-2.19296036423711	-2.48562402576458	0.342349016245132	NS
-0.233035604334474	0.252117492583624	HSF1	-1.62028763929769	-1.85332324363216	0.342349016245132	NS
-0.266699464006976	0.330902184166635	RANDOM3_2_mCMV	-1.63537055840921	-1.90207002241618	0.43557532405608	NS
-0.215845709612931	0.345453271642642	VDR::RXRA	-1.35777465317229	-1.57362036278522	0.450136081231321	NS
-0.241321193330917	0.357614576412669	NFATC1	-1.80132196708393	-2.04264316041485	0.452277258404258	NS
-0.156222392006884	0.376969370624491	NFYA	-0.0630542684266657	-0.21927666043355	0.471680682876243	NS
-0.215740553958913	0.399395147465665	HNF1A	-2.09429425891603	-2.31003481287495	0.490685466886388	NS
-0.215814121147506	0.470102396758769	SOX9	-1.74746508206386	-1.96327920321136	0.541457224838225	NS
0.0908075771537875	0.762674597407385	HNF4A	-1.90548181424561	-1.81467423709182	0.806434615291415	NS
-0.0716565797277461	0.544261786458466	REL	3.39440473542499	3.32274815569724	0.621325402240196	NS
0.0865803666868568	0.758092906403773	IRF1	-1.75473116010547	-1.66815079341861	0.806434615291415	NS
-0.139227816155418	0.614076584605281	NR1H2	-1.39748934295008	-1.5367171591055	0.682895512190355	NS
0.0847900548442535	0.630428431121655	XBP1	-0.573145476134178	-0.488355421289924	0.689197183175369	NS
-0.0844816639360417	0.62127634742455	RANDOM3_1_mCMV	-1.74759350856592	-1.83207517250196	0.684996998442453	NS
-0.0559864103174986	0.666912176287751	TFEB	1.00943847203658	0.953452061719077	0.722955216311931	NS
0.0635632906476392	0.782050056607422	TP53	-0.197358769218556	-0.133795478570917	0.813584333083528	NS
0.635679085068547	0.0335310377726617	RANDOM3_1_Random	-0.866632823718673	-0.230953738650126	0.0801019235680251	NS
0.430365202286784	0.0551261691962566	NR3C2	-0.664842265696832	-0.234477063410048	0.11173305318803	NS
0.375627243599275	0.0839815964608542	FOXA1	-1.15158771270193	-0.77596046910265	0.152586280893665	NS
0.644622747226806	0.218248431354411	RFX1	-0.0860541843109736	0.558568562915833	0.306022257007815	NS
0.0285586309474438	0.889647021588435	RANDOM1_1_Random	-0.471533943745432	-0.442975312797988	0.910829093531016	NS
-0.0859602074417358	0.438633575104178	RANDOM2_1_Random	-0.298829666924421	-0.384789874366156	0.513682501503954	NS
-0.109676896864659	0.264072549278966	SP1	0.540043172275355	0.430366275410696	0.351189266566873	NS
-1.25714050931145	4.63576046684327e-05	GBX2	-1.79993577764816	-3.05707628695961	0.00199337700074261	Downregulated
0.605935838934728	0.000150636274698992	NFE2L2	1.99625502587816	2.60219086481289	0.00388641588723398	Upregulated
-1.13571462231895	0.000268495980178077	NEUROG2	-2.06081058278415	-3.1965252051031	0.004947997348996	Downregulated
-1.13509512619618	0.000313138845856282	ESRRB	-1.87927717050914	-3.01437229670532	0.00504936388943255	Downregulated
-0.845040921050429	0.000371966320304409	RANDOM3_3_hBGm	-1.79363129865413	-2.63867221970456	0.00533151725769652	Downregulated
-1.03792421028305	0.000518226075553603	RANDOM2_1_hBGm	-2.22802590292041	-3.26595011320346	0.0058040064958708	Downregulated
-1.20355466664324	0.000568814527924202	SMAD4	-1.91816478083762	-3.12171944748086	0.0058040064958708	Downregulated
-0.89790696933841	0.000545811452965462	RANDOM3_2_hBGm	-1.62340823678429	-2.5213152061227	0.0058040064958708	Downregulated
-1.08002830953224	0.000630614431146576	TCF7L2	-1.87251207603942	-2.95254038557166	0.0058040064958708	Downregulated
-0.905816125801744	0.000674884476264046	PAX6	-1.9908389110324	-2.89665503683415	0.0058040064958708	Downregulated
-0.972630748875443	0.00127978920393262	HOMEZ	-2.40737897441374	-3.38000972328919	0.00921813203827093	Downregulated
-0.905256490798197	0.00140519359202429	RANDOM2_3_hBGm	-2.21306285882165	-3.11831934961985	0.00921813203827093	Downregulated
-0.881254031406761	0.00264988603520908	RANDOM1_3_hBGm	-2.33496894677954	-3.2162229781863	0.0138703753048213	NS
-0.531477843164556	0.00268805722961653	STAT3	-1.14522695609567	-1.67670479926023	0.0138703753048213	NS
-0.917502842963389	0.00307389459663791	RANDOM2_2_hBGm	-2.07715050139512	-2.99465334435851	0.0146863852950478	NS
-0.917091422507177	0.00337573016550552	RANDOM1_2_hBGm	-1.87387697490249	-2.79096839740966	0.0155524711196504	NS
-0.927852395273819	0.00715637157568473	RANDOM1_1_hBGm	-2.09256161303214	-3.02041400830596	0.0279749070685858	NS
-0.644875064405772	0.00837571518158959	RANDOM3_1_hBGm	-1.67606924995832	-2.32094431436409	0.030012979400696	NS
-0.515946568670498	0.0322866276310717	CREB1	-0.793576154667308	-1.30952272333781	0.0801019235680251	NS
0.393036656298945	0.0352908694783587	IRF3	2.33121024883999	2.72424690513894	0.0815521607105502	NS
-0.289128789675832	0.0579710555639613	NFKB1	1.70126906453777	1.41214027486194	0.115050248734631	NS
0.121854075047045	0.407524319033195	ELK1	2.27701331760129	2.39886739264833	0.495949407125303	NS
