logFC	P.Value	tf	DMSO	LIF24	p_adjusted	sig
-0.99762985188839	2.01928480028651e-05	GRHL1	0.609293230898784	-0.388336620989606	0.000646171136091685	Downregulated
1.13679499606982	0.00571038995456491	STAT1	-2.74301624933972	-1.6062212532699	0.0706582714740318	NS
0.351381897344822	0.00607219520479961	ATF4	2.09377976272957	2.44516166007439	0.0706582714740318	NS
-0.392479504439578	0.025409322965523	RXRA	0.381596798548707	-0.0108827058908711	0.178418581816849	NS
-1.14314446088744	0.0264840082384385	THRB	-0.822921721679882	-1.96606618256732	0.178418581816849	NS
-0.586538267863207	0.0464144688206846	POU2F1	0.369873550611818	-0.216664717251389	0.270047818593074	NS
-0.899408477828345	0.0582616282639339	RANDOM2_3_minP	0.198442283987518	-0.700966193840826	0.291143786948877	NS
0.707574981263899	0.101072166481474	ATF2	-1.38594911196036	-0.67837413069646	0.392037494231172	NS
0.579420432429281	0.12959317962783	RANDOM2_1_minP	-0.507176625643292	0.0722438067859887	0.448322351144925	NS
0.443750266571427	0.195303572032083	RANDOM3_3_minP	-0.97427815507686	-0.530527888505433	0.543453417828404	NS
-0.343890864676581	0.237467973409099	RANDOM1_3_minP	-0.860542436782261	-1.20443330145884	0.614764591609532	NS
-0.394862690811303	0.212187024005827	RANDOM1_1_minP	-0.626127271018056	-1.02098996182936	0.577871044100975	NS
-0.359124054465739	0.240142418597474	RUNX2	-1.58971229640754	-1.94883635087328	0.614764591609532	NS
0.46008813890005	0.419280572868367	OTX1	-1.16101175582995	-0.700923616929898	0.763752698902417	NS
0.22120715800908	0.315897502512292	ZFP42	-0.831133395930186	-0.609926237921106	0.682813233196246	NS
-0.352121965823681	0.258703378731117	ONECUT1	-1.75544998533208	-2.10757195115576	0.636808316876595	NS
-0.233141417030459	0.290969026860634	POU5F1::SOX2	2.51950279762087	2.28636138059042	0.682813233196246	NS
-0.232659600954291	0.427483088843322	PGR	-0.851891477155281	-1.08455107810957	0.763752698902417	NS
0.378638675194429	0.429610893132609	RANDOM2_2_minP	-2.1405724939499	-1.76193381875547	0.763752698902417	NS
-0.181690075143054	0.394608752241977	MYBL2	-0.948663462669953	-1.13035353781301	0.761975290896259	NS
0.435792493047471	0.398846441328511	GATA3	-1.49669578696766	-1.06090329392019	0.761975290896259	NS
-0.248437805090234	0.612117915239697	RARA	-1.39161878377952	-1.64005658886975	0.826324614279522	NS
0.329265700542341	0.46051685277271	AR	-0.459241839955245	-0.129976139412903	0.768745598943699	NS
0.110361105539358	0.657677168857985	FOXO1	-1.0337917166253	-0.923430611085946	0.84182677613822	NS
0.272203541949365	0.593954754350634	ETS2	0.0294392449724668	0.301642786921832	0.824105336145308	NS
0.00587718133902897	0.984851900971278	PPARA::RXRA	-1.51093096704327	-1.50505378570425	0.988405941782305	NS
0.0952198989074506	0.518579625773815	ZFX	-0.0210090815018823	0.0742108174055683	0.785376171246892	NS
0.0322671070165731	0.846794448613231	RANDOM3_2_minP	-0.584645130363903	-0.552378023347329	0.97385159338697	NS
0.176017614912435	0.628633465390001	NFIA	-1.92514483028969	-1.74912721537725	0.826324614279522	NS
0.0405329118211827	0.930777672531411	CEBPA	-1.48684064675291	-1.44630773493173	0.988405941782305	NS
0.0289539692261853	0.920333663934229	RANDOM1_2_minP	-1.49921852009259	-1.47026455086641	0.988405941782305	NS
-0.0366274100686756	0.873119880989657	ATF6	0.258753506771571	0.222126096702896	0.980345129532246	NS
0.0394061867214351	0.859728359786934	NFAT5	-0.831965336132145	-0.79255914941071	0.97385159338697	NS
-0.104957744661199	0.477946012170627	RANDOM3_1_minP	-0.413573274145672	-0.518531018806871	0.768745598943699	NS
-2.29778186683311	1.93418645079225e-09	STAT4	-0.546654242997871	-2.84443610983098	8.25252885671358e-08	Downregulated
0.587676683011986	0.000123690842807726	REL	0.535634767473632	1.12331145048562	0.00316648557587779	Upregulated
0.567323849448761	0.00155199298998595	MEF2A	0.313741577909874	0.881065427358635	0.0248318878397752	NS
-1.41231627533851	0.00498320145973021	TCF7	1.56242615742635	0.150109882087834	0.0706582714740318	NS
0.328192448372901	0.00712411971743667	TEAD1	0.718268874751732	1.04646132312463	0.0759906103193245	NS
-0.280329977056105	0.0139171911435814	KLF4	0.483405016955718	0.203075039899613	0.131046942847728	NS
-1.00791280313094	0.0143332593739703	EGR1	-2.67024993001634	-3.67816273314728	0.131046942847728	NS
0.477092888063752	0.0170083294563421	GLI1	-2.64749090736484	-2.17039801930108	0.14513774469412	NS
-0.6895223511642	0.0248024820686164	RARA:RXRA	-1.56408083020083	-2.25360318136503	0.178418581816849	NS
0.397817875611515	0.0255999006189476	TP53	3.30707801558278	3.70489589119429	0.178418581816849	NS
-0.376583394448206	0.0421351466797489	SOX2	1.03954586439204	0.662962469943833	0.25682375119085	NS
-0.328353569727007	0.0404879900670988	NRF1	1.9537727848898	1.62541921516279	0.25682375119085	NS
-0.393926574677539	0.0557320581621757	RANDOM3_1_mCMV	-1.95290150832724	-2.34682808300478	0.291143786948877	NS
-0.428280467361304	0.0558407861117681	POU5F1	-0.902801770889387	-1.33108223825069	0.291143786948877	NS
-0.398335363866176	0.0591385817239906	FOS::JUN	0.29177713401693	-0.106558229849245	0.291143786948877	NS
-0.375017572755108	0.0737823286193436	SMAD2::SMAD3::SMAD4	-2.04917851659794	-2.42419608935304	0.31857278348172	NS
-0.399384429634678	0.0769365432104423	CLOCK	0.591794121123385	0.192409691488708	0.31857278348172	NS
-0.475480331776162	0.077154345999479	NR4A2::RXRA	0.83588196939209	0.360401637615928	0.31857278348172	NS
-0.52374212390943	0.107579473923768	HNF1A	-0.737586278672564	-1.26132840258199	0.405005078301245	NS
-0.297611706802626	0.136154737313748	NR1H4::RXRA	-1.77391262125342	-2.07152432805605	0.452935337312247	NS
0.513440964071889	0.162318332856584	RANDOM2_3_mCMV	-3.3744406282641	-2.86099966419221	0.472198786491881	NS
-0.511946719330789	0.144329355091546	NR1I3	-2.28522144500719	-2.79716816433798	0.452935337312247	NS
-0.646402233547858	0.143236528224772	IRF1	-2.04441143666397	-2.69081367021182	0.452935337312247	NS
-0.451930015427365	0.148380274288973	HSF1	-2.34558152487275	-2.79751154030012	0.452935337312247	NS
-0.400752525508872	0.191619356790861	STAT1::STAT2	-2.72833611949141	-3.12908864500028	0.543453417828404	NS
-0.306137016034605	0.248749242360982	AHR::ARNT	-2.18336326559886	-2.48950028163347	0.624311823964817	NS
-0.405835699526315	0.288389953899925	RANDOM3_2_mCMV	-1.66560799706221	-2.07144369658853	0.682813233196246	NS
0.176964677910692	0.318541631399412	E2F1	0.476332906853326	0.653297584764018	0.682813233196246	NS
0.152577664519611	0.316182635134751	MAF::NFE2	1.93004498202306	2.08262264654267	0.682813233196246	NS
-0.378313412932363	0.32006870306074	NR1I2	-2.18282029206674	-2.5611337049991	0.682813233196246	NS
-0.177279582511632	0.30418990270571	FOSL1	-1.47967009487933	-1.65694967739096	0.682813233196246	NS
-0.239718377820474	0.449672069003027	SOX9	-3.36423344547903	-3.6039518232995	0.768745598943699	NS
-0.141983120390307	0.47315610805081	CEBPB	-0.0665205215376234	-0.20850364192793	0.768745598943699	NS
0.229930482989254	0.363012408760382	XBP1	-1.84735813170894	-1.61742764871969	0.737549020973475	NS
-0.199054272290726	0.639110443856818	RANDOM2_1_mCMV	-2.50653689188345	-2.70559116417418	0.826324614279522	NS
-0.14801813843074	0.477597175935228	MYC	-0.559614337180813	-0.707632475611553	0.768745598943699	NS
0.281399287268253	0.598764033293075	THRA	-3.32529603708961	-3.04389674982136	0.824105336145308	NS
-0.155706296458268	0.506100771443817	GATA1	-2.90320832366182	-3.05891462012008	0.785376171246892	NS
0.190082548796161	0.632025785682478	TFAP2A	-2.49811099484279	-2.30802844604663	0.826324614279522	NS
0.34690006045188	0.474276047510921	RANDOM1_1_mCMV	-2.3978347451714	-2.05093468471952	0.768745598943699	NS
0.0192567554536646	0.977463247770573	NFYA	-0.0831881090931055	-0.063931353639441	0.988405941782305	NS
-0.0783318228584994	0.693120775633838	TFEB	1.30655324826851	1.22822142541001	0.869798620403248	NS
0.211988552208834	0.509958873190048	PPARG::RXRA	-3.69761926260057	-3.48563071039174	0.785376171246892	NS
-0.246130999752674	0.517580651019275	TFCP2L1	1.52182356287033	1.27569256311765	0.785376171246892	NS
-0.0405007097622731	0.933096769111323	IRX3	-1.85228292226978	-1.89278363203205	0.988405941782305	NS
-0.129465700930447	0.677172714155536	SREBF1	-2.65959172345487	-2.78905742438532	0.858199083286224	NS
-0.135049980531114	0.635830079843214	SRF	-1.4018633419681	-1.53691332249921	0.826324614279522	NS
0.346039195898247	0.621198728081731	RANDOM2_2_mCMV	-2.21068015469109	-1.86464095879284	0.826324614279522	NS
-0.00510650578119821	0.987172581164778	RANDOM1_2_mCMV	-2.58191877427177	-2.58702528005297	0.988405941782305	NS
-0.106369737062612	0.539946117732238	HNF4A	-1.17636369751183	-1.28273343457445	0.785376171246892	NS
-0.0965532886952035	0.705076603728443	RANDOM1_3_mCMV	-2.7756963028146	-2.87224959150981	0.876211701720784	NS
-0.300107473128551	0.571287399163909	ESR1	-2.87938354931813	-3.17949102244668	0.812619426714483	NS
-0.00255291865825059	0.988405941782305	HIF1A	-1.15344418086412	-1.15599709952237	0.988405941782305	NS
-0.123382242849135	0.538070744955948	NR5A2	-1.75614207662011	-1.87952431946925	0.785376171246892	NS
0.146000347074576	0.80072875804116	NR1D1	-3.94707669770224	-3.80107635062767	0.949011861382116	NS
0.0441545203959633	0.733542182251136	GATA4	1.90979656824861	1.95395108864457	0.886248731931273	NS
0.0939455086488076	0.856409704025644	RANDOM3_3_mCMV	-1.1526971359329	-1.05875162728409	0.97385159338697	NS
0.0413099478521542	0.901551540745952	VDR::RXRA	-2.7053485692476	-2.66403862139544	0.988405941782305	NS
0.0454668400444277	0.85198026038941	WT1	-1.97619016462226	-1.93072332457783	0.97385159338697	NS
0.0160735802198746	0.967406957244651	NR3C1	-3.12925109495882	-3.11317751473894	0.988405941782305	NS
-0.0613956592964974	0.811706773368282	NR4A1	-1.80896493647014	-1.87036059576664	0.953196944872845	NS
0.0064153995515425	0.949535614367328	MTF1	2.12926366820263	2.13567906775417	0.988405941782305	NS
-0.0108497518514195	0.97811892034672	NFATC1	-3.12310975196632	-3.13395950381774	0.988405941782305	NS
-0.0294677743223333	0.944708941624116	RBPJ	-3.70543921077609	-3.73490698509842	0.988405941782305	NS
0.0312267856655743	0.938295747945575	RORA	-3.3708347950046	-3.33960800933902	0.988405941782305	NS
-0.653446653685081	0.075502112050579	FOXA1	-2.4382376595123	-3.09168431319738	0.31857278348172	NS
0.699273211318002	0.297523964437336	RFX1	-1.74569901630011	-1.0464258049821	0.682813233196246	NS
0.248392660204488	0.443179403478759	NR3C2	-1.87964878076257	-1.63125612055808	0.768745598943699	NS
-0.129040465167735	0.376721259083595	SP1	1.46513687993504	1.3360964147673	0.75344251816719	NS
0.237666167416777	0.571373034408621	RANDOM2_1_Random	-1.17151903889231	-0.933852871475532	0.812619426714483	NS
0.149913165598756	0.539661681233587	RANDOM3_1_Random	-0.711048628061548	-0.561135462462791	0.785376171246892	NS
-0.326559000449261	0.419506621818978	RANDOM1_1_Random	-2.26904053674322	-2.59559953719249	0.763752698902417	NS
-3.68459956024501	6.06711027424133e-20	STAT3	1.6462939043691	-2.03830565587591	7.76590115102891e-18	Downregulated
1.54913997204642	2.84228860189887e-12	NFKB1	-2.3459672428509	-0.796827270804477	1.81906470521528e-10	Upregulated
0.789074923902936	0.000363141446329002	RANDOM3_1_hBGm	-3.10935628704889	-2.32028136314595	0.00774701752168538	Upregulated
0.563131689336171	0.000826551360458394	CREB1	-2.18102616672723	-1.61789447739106	0.0151140820198106	NS
0.264567122213536	0.0732514468875988	GBX2	-3.04085082669958	-2.77628370448604	0.31857278348172	NS
-0.562512896289499	0.0870884330863226	IRF3	0.685844346937685	0.123331450648186	0.34835373234529	NS
0.252289940659698	0.113618761170969	ELK1	1.88071806455215	2.13300800521185	0.415520040853831	NS
0.148478886219685	0.123012536385036	NFE2L2	2.41293179258018	2.56141067879986	0.437377907146796	NS
0.89208469475395	0.160496477173112	RANDOM2_3_hBGm	-3.06150026626572	-2.16941557151177	0.472198786491881	NS
0.85336840252444	0.148619407555581	RANDOM2_1_hBGm	-3.23450649150507	-2.38113808898063	0.452935337312247	NS
0.450374111445707	0.232591725845	RANDOM2_2_hBGm	-3.5223304255085	-3.07195631406279	0.614764591609532	NS
1.17633348323765	0.330099244983113	NEUROG2	-1.99539417856297	-0.819060695325322	0.692667268161286	NS
0.53510948921075	0.348070214003889	RANDOM3_2_hBGm	-2.71868863777824	-2.18357914856749	0.718596570846739	NS
0.349518467270034	0.397541413008938	RANDOM1_2_hBGm	-3.76361809995484	-3.41409963268481	0.761975290896259	NS
0.262622861547577	0.409400867944868	SMAD4	-2.98545279747865	-2.72282993593107	0.763752698902417	NS
0.326160147561439	0.764101589060518	HOMEZ	-1.6991452917587	-1.37298514419726	0.914065452334078	NS
0.115997704014107	0.528723441665204	PAX6	-3.33168475717961	-3.2156870531655	0.785376171246892	NS
-0.103087014923098	0.918712684617844	TCF7L2	-0.525018740975022	-0.62810575589812	0.988405941782305	NS
0.150256098914385	0.597948561853372	RANDOM1_3_hBGm	-3.71297439510427	-3.56271829618989	0.824105336145308	NS
0.134860906440826	0.480465999339812	ESRRB	-2.61711119818773	-2.48225029174691	0.768745598943699	NS
0.134207768326169	0.730030057000406	RANDOM1_1_hBGm	-3.7475748971045	-3.61336712877833	0.886248731931273	NS
0.122019504738291	0.733924731130585	RANDOM3_3_hBGm	-2.88482224629049	-2.7628027415522	0.886248731931273	NS
