logFC	P.Value	tf	DMSO	FK	p_adjusted	sig
1.25685278408794	2.00326634045322e-08	CEBPA	-0.261474954864061	0.995377829223878	2.87134842131628e-07	Upregulated
1.07658110698267	1.11880557400905e-06	ATF4	1.96422212766541	3.04080323464808	1.1101993772859e-05	Upregulated
-0.92817523607757	0.00139806720182435	ETS2	4.29801206574212	3.36983682966455	0.00578713653557122	Downregulated
0.876501134375279	0.00418347218453068	THRB	0.0795706045345571	0.956071738909836	0.0138376387642169	NS
-0.385198799539879	0.00557018729557888	POU2F1	1.7364858189735	1.35128701943362	0.0179638540282419	NS
-0.375154914259526	0.0283819841883719	ZFP42	-0.469284924347103	-0.844439838606629	0.0732255192059995	NS
-0.376497467257674	0.04584242394158	NFAT5	-0.31057829108334	-0.687075758341014	0.105601298008282	NS
-0.427145874914616	0.0606835636429343	PPARA::RXRA	-0.391784441728119	-0.818930316642736	0.132681012032856	NS
0.210427671471497	0.0766332090325137	RARA	-1.08565371764908	-0.875226046177586	0.159446515567649	NS
0.26892014652748	0.140949541791535	RANDOM2_2_minP	-0.742839282474758	-0.473919135947278	0.26738957192806	NS
0.17586439998783	0.190852024285701	AR	-0.876900445371894	-0.701036045384064	0.319739105621498	NS
-0.19124614600066	0.154547518250665	RANDOM1_2_minP	-0.209881036650811	-0.401127182651471	0.273104518552544	NS
-0.284899343382172	0.229548995108559	FOXO1	-0.315279621024973	-0.600178964407145	0.365578029246964	NS
-0.289381038863464	0.270769831655747	RANDOM3_2_minP	-0.113721291451465	-0.403102330314929	0.420835039561342	NS
-0.183676020988443	0.180446468928971	ZFX	-0.541132081642929	-0.724808102631373	0.30628413805049	NS
-0.181955693863279	0.173487911348192	POU5F1::SOX2	0.554630945998444	0.372675252135165	0.298399207518891	NS
0.181369454603259	0.254298505207609	RANDOM1_3_minP	-0.833244253568313	-0.651874798965054	0.400054965509531	NS
0.201804658472654	0.387824931047881	ATF6	-0.172214449508319	0.029590208964335	0.56851609210428	NS
0.127563599992745	0.618514278224745	NFIA	-0.251845511446634	-0.12428191145389	0.745685438233571	NS
0.155147096068068	0.383123304199376	RANDOM2_3_minP	-1.15546759257357	-1.0003204965055	0.56807938208873	NS
-0.125471893167861	0.688813231136812	MYBL2	-0.531497550362231	-0.656969443530092	0.779446551023235	NS
-0.0985206650310373	0.454724150479195	RANDOM2_1_minP	-0.729120462786957	-0.827641127817995	0.630746402277594	NS
0.0161486585949845	0.944445569558541	RANDOM3_1_minP	-0.398424211880264	-0.38227555328528	0.962757574480048	NS
0.13203453991976	0.521924478386031	RUNX2	-0.541141428448389	-0.409106888528629	0.689910640218504	NS
-0.142017123370536	0.46733313768609	RANDOM1_1_minP	-0.496065164941409	-0.638082288311945	0.641340157037294	NS
-0.118293205630365	0.558189231477727	ATF2	1.78842670876876	1.6701335031384	0.705945204515949	NS
-0.013096791720799	0.947831100457102	ONECUT1	-0.466049318996527	-0.479146110717326	0.962757574480048	NS
-0.100351546816979	0.679024193472821	OTX1	-0.613060487289908	-0.713412034106887	0.775169212017645	NS
-0.0960018197192019	0.648829239392614	RXRA	-0.884908729884182	-0.980910549603384	0.760622074800501	NS
0.121746402557613	0.522603165514613	RANDOM3_3_minP	-0.661112288973173	-0.53936588641556	0.689910640218504	NS
-0.257858333812568	0.544769273618401	GATA3	-0.217546969974644	-0.475405303787212	0.695794418779938	NS
-0.0566213035449738	0.719458856201693	PGR	-0.687161435004954	-0.743782738549928	0.793249508119815	NS
0.0310190120166118	0.896119651177563	STAT1	-0.736800169330279	-0.705781157313668	0.932253508079884	NS
-0.088996653859573	0.65448876203764	GRHL1	-0.408596673659009	-0.497593327518582	0.760622074800501	NS
3.57723869493068	8.79250588246439e-14	NR4A1	-2.33118586832093	1.24605282660975	5.67116629418953e-12	Upregulated
2.36585002245924	7.4875707566693e-10	STAT4	-1.82705586119608	0.538794161263166	2.41474156902585e-08	Upregulated
2.25698573212719	3.89397492061802e-09	FOS::JUN	0.858518574675407	3.1155043068026	7.17603949656749e-08	Upregulated
1.92756972106131	8.94325377257537e-09	XBP1	-1.16566386365315	0.761905857408158	1.44209967082778e-07	Upregulated
-1.23750833833485	2.02490670680226e-07	STAT1::STAT2	3.69667562458108	2.45916728624623	2.37466331979538e-06	Downregulated
1.39755588543384	0.000136109972715307	ESR1	-1.16892318908183	0.228632696352007	0.000877909324013731	Upregulated
1.47204101350143	0.000274238813159285	CEBPB	-0.99909472799897	0.472946285502458	0.00160803667716126	Upregulated
1.0872280926339	0.000395205616700916	AHR::ARNT	-1.55111587576258	-0.463887783128678	0.00212423018976742	Upregulated
0.92415649265813	0.000518616006980781	PPARG::RXRA	-2.07078912869026	-1.14663263603213	0.00267605859602083	Upregulated
0.657578282996114	0.000553818954101694	MTF1	0.615805388793774	1.27338367178989	0.00274779404150456	Upregulated
-0.544175138611972	0.000642850369861389	NRF1	3.52769374838665	2.98351860977468	0.00307139621155997	Downregulated
0.596622695448763	0.00143556875300992	FOSL1	-1.30152313003835	-0.704900434589588	0.00578713653557122	Upregulated
0.469714079569823	0.00177134863301037	SREBF1	-1.99456326941512	-1.5248491898453	0.00692436283813146	Upregulated
-0.516501284677759	0.00219731158243681	TFEB	1.04553887478292	0.52903759010516	0.0080986626895528	Downregulated
0.45820381242033	0.00364232749410988	NR1I3	-2.17863455761842	-1.72043074519809	0.0123647433352677	NS
0.694039444873148	0.00359067602159195	NR1H2	-1.64081126668618	-0.946771821813034	0.0123647433352677	NS
0.444432977464238	0.00823639779633142	SRF	-0.864902572629589	-0.420469595165351	0.0247091933889943	NS
0.429066863002484	0.0160669612490826	THRA	-1.53168753207315	-1.10262066907067	0.0460586222473701	NS
0.379397274081402	0.017306667508982	HNF1A	-2.41596198131553	-2.03656470723412	0.0485339154056234	NS
0.386647569488019	0.0256876933202361	HIF1A	-2.298371839661	-1.91172427017298	0.0676267844553155	NS
0.55330166813115	0.0457717743068152	NR1D1	-2.30093640101364	-1.74763473288249	0.105601298008282	NS
0.370474144176979	0.040122877508413	GLI1	-2.481284593796	-2.11081044961902	0.098576460107114	NS
0.460947052849336	0.0405004060905197	NFATC1	-1.95981755188422	-1.49887049903489	0.098576460107114	NS
0.611657439728455	0.0397738921758901	RANDOM2_3_mCMV	-2.67133369068186	-2.05967625095341	0.098576460107114	NS
0.384171178103827	0.044209684954109	KLF4	-2.06853818877888	-1.68436701067505	0.105601298008282	NS
0.561129246085542	0.0556652937599149	RANDOM1_3_mCMV	-2.42872864973335	-1.8675994036478	0.123807291293604	NS
-0.254915472985918	0.0658570794034005	MAF::NFE2	2.81773871848801	2.56282324550209	0.141592720717311	NS
-0.317305544908504	0.070855998336115	GATA4	-0.744846273381111	-1.06215181828962	0.149843012874735	NS
0.268018891217722	0.0946744373553954	NR1H4::RXRA	-2.08219668439178	-1.81417779317405	0.193857181251524	NS
0.450929020299176	0.105587858972294	E2F1	-2.15983990980838	-1.7089108895092	0.209551289345015	NS
0.372739793717067	0.129201788913475	POU5F1	-1.60331871688118	-1.23057892316412	0.250091756581525	NS
0.44566794802838	0.129892617759397	EGR1	-2.17426090049509	-1.72859295246671	0.250091756581525	NS
0.447234830784008	0.148392523979555	RANDOM3_2_mCMV	-1.94176841519977	-1.49453358441576	0.269614585822008	NS
0.199347620477692	0.152018045417744	GATA1	-2.56769226694002	-2.36834464646233	0.272365664706791	NS
0.300245354331013	0.146467415717931	RANDOM3_1_mCMV	-2.07147203448275	-1.77122668015174	0.269614585822008	NS
0.289180719032162	0.157255450095824	WT1	-1.57288933418157	-1.28370861514941	0.274134500842721	NS
0.329945320102736	0.195807659160014	RORA	-1.87867405974601	-1.54872873964327	0.322636845644253	NS
0.245642187445669	0.197583804696868	NR3C1	-2.70982127532031	-2.46417908787464	0.322636845644253	NS
0.300244366905707	0.219063934222557	RANDOM3_3_mCMV	-2.3364173925084	-2.03617302560269	0.353240593933872	NS
-0.103881167872101	0.326041484419006	REL	3.13143569642355	3.02755452855144	0.500706565357759	NS
0.172161775251129	0.376329178717059	RANDOM1_2_mCMV	-1.929557588673	-1.75739581342187	0.564493768075588	NS
0.204175317669799	0.437036077058805	RANDOM1_1_mCMV	-2.33412534054654	-2.12995002287674	0.622108798986605	NS
0.140130902499448	0.395497126642863	VDR::RXRA	-1.78797858763248	-1.64784768513303	0.57324864423516	NS
0.111427571768055	0.538550896264466	HNF4A	-1.90930753038106	-1.79787995861301	0.694730656181161	NS
0.142530871446958	0.371560626509042	IRF1	-1.47121060411842	-1.32867973267146	0.563897891996075	NS
-0.116642281291054	0.529435279678334	TFCP2L1	-0.785471842306663	-0.902114123597717	0.689910640218504	NS
-0.119470238370331	0.572768576610485	TCF7	-1.91620803900593	-2.03567827737627	0.70738255740012	NS
0.16319466178397	0.438851943471171	IRX3	-0.752150447121872	-0.588955785337901	0.622108798986605	NS
0.174596953287391	0.450452462656473	RBPJ	-1.56740416802836	-1.39280721474097	0.630746402277594	NS
0.112592424754272	0.482317373180171	SOX2	-2.1352492107247	-2.02265678597043	0.654936222528863	NS
-0.154657966141314	0.529466305283969	NR5A2	-1.93705059066405	-2.09170855680537	0.689910640218504	NS
-0.086521449999757	0.564197052408797	RANDOM2_1_mCMV	-2.15793508126886	-2.24445653126862	0.706615725832377	NS
0.0696191603404944	0.586796450676893	RANDOM2_2_mCMV	-2.21338712786588	-2.14376796752539	0.714120208842634	NS
-0.101675437551617	0.5757765002094	MYC	-1.21655211117155	-1.31822754872317	0.70738255740012	NS
0.109517335539743	0.671397740735872	NR4A2::RXRA	-1.85530103232134	-1.74578369678159	0.773306326383281	NS
0.122074974866028	0.625460824433717	RARA:RXRA	-1.12792800757947	-1.00585303271344	0.747078206962495	NS
0.120763512840817	0.642861533895822	SOX9	-2.04408001373252	-1.92331650089171	0.760622074800501	NS
-0.0766931012480298	0.7176876905816	CLOCK	-1.49683654904102	-1.57352965028905	0.793249508119815	NS
0.0692995374197688	0.74588118129615	TP53	-0.164884401889046	-0.0955848644692776	0.808560272161373	NS
0.0691265401014059	0.772195323234175	TEAD1	-1.84973158414596	-1.78060504404455	0.830109972476738	NS
-0.00889288399255085	0.974465844879729	TFAP2A	-2.12974857426006	-2.13864145825261	0.974465844879729	NS
-0.0389776116754896	0.821832986409272	MEF2A	-2.18594380177915	-2.22492141345464	0.876169051626414	NS
-0.0305240795917711	0.862435633159457	SMAD2::SMAD3::SMAD4	-2.28950297246272	-2.32002705205449	0.911919644898115	NS
0.0545309768933513	0.73478940564029	NR1I2	-1.82638209778216	-1.77185112088881	0.803286723115232	NS
-0.00767023560980618	0.960862765193988	HSF1	-1.966248413174	-1.97391864878381	0.968369505547067	NS
0.0183487632091817	0.915525596388023	NFYA	-0.545439683470745	-0.527090920261563	0.944822415472439	NS
0.696360870424108	0.0184166259312897	FOXA1	-0.918314363307551	-0.221953492883442	0.0505477605348163	NS
-0.329575168106836	0.0245734170567891	SP1	0.456626449242591	0.127051281135755	0.0660410583401206	NS
0.365494077045433	0.0510292231682842	RANDOM3_1_Random	0.0742387773540662	0.439732854399499	0.115487189275591	NS
0.488058530883465	0.0987359766890053	RFX1	0.953029570574424	1.44108810145789	0.199014703013776	NS
0.421157272987447	0.147006314211529	RANDOM1_1_Random	-0.642194213281784	-0.221036940294337	0.269614585822008	NS
-0.0462449613165921	0.876919969200013	NR3C2	-0.246693974520481	-0.292938935837073	0.919696553063428	NS
0.0835347737163419	0.697101303209651	RANDOM2_1_Random	-0.268661186165629	-0.185126412449287	0.781965809687348	NS
4.74137513870549	1.39392008593977e-17	CREB1	-1.75737367873204	2.98400145997344	1.7981569108623e-15	Upregulated
-1.79280258808257	5.57873818549824e-12	ELK1	2.72779318804852	0.934990599965953	2.39885741976424e-10	Downregulated
-1.74764637582348	9.55470036125112e-10	IRF3	3.02161438773113	1.27396801190766	2.46511269320279e-08	Downregulated
-1.55179713439621	1.2446203696852e-09	NFE2L2	2.47327356991413	0.921476435517914	2.67593379482317e-08	Downregulated
-1.23403076343818	1.2036619153213e-07	ESRRB	-2.84181949396663	-4.07585025740481	1.55272387076448e-06	Downregulated
-1.14415802530737	5.64254082762858e-07	NFKB1	1.29191167648851	0.147753651181133	6.06573138970072e-06	Downregulated
-0.987889784095023	1.69207368483218e-06	RANDOM3_3_hBGm	-2.48880376035829	-3.47669354445331	1.55912503816679e-05	Downregulated
-0.952166302924699	1.38375710855409e-05	NEUROG2	-3.05839730755446	-4.01056361047916	0.000119003111335651	Downregulated
-0.861417347702596	2.58970976331484e-05	TCF7L2	-2.80421149046924	-3.66562883817184	0.000208795349667259	Downregulated
-1.14577512883952	4.12655774515352e-05	SMAD4	-3.0013924848868	-4.14716761372631	0.000313132911249885	Downregulated
-0.999429329760088	6.06927108864981e-05	RANDOM3_1_hBGm	-2.42744955012081	-3.4268788798809	0.000434964428019903	Downregulated
-0.898786229688748	9.03528805330768e-05	RANDOM2_1_hBGm	-3.08682059358784	-3.98560682327658	0.000613448504671943	Downregulated
-0.701703067838502	0.000247238848198512	STAT3	-1.24246945359002	-1.94417252142853	0.001518752924648	Downregulated
-0.750075784067348	0.000379572494925046	RANDOM3_2_hBGm	-2.51479406664451	-3.26486985071186	0.00212423018976742	Downregulated
-0.78397932472922	0.000891471242285434	RANDOM1_1_hBGm	-3.04179350731996	-3.82577283204918	0.00410713536624361	Downregulated
-0.856086844402343	0.00106237822943975	RANDOM2_2_hBGm	-3.0292764022678	-3.88536324667014	0.00472575143440438	Downregulated
-0.631423276681052	0.00135770607698723	GBX2	-2.87754934386866	-3.50897262054971	0.00578713653557122	Downregulated
-0.586400749437445	0.00202656874130275	PAX6	-2.76291151597541	-3.34931226541286	0.00768904022435455	Downregulated
-0.748920852619967	0.00292382332509956	RANDOM2_3_hBGm	-3.15852339608771	-3.90744424870768	0.0104770335816068	NS
-0.636201631480891	0.0058617554633811	RANDOM1_3_hBGm	-3.3077784078141	-3.94398003929499	0.0184430842628332	NS
-0.498723388656187	0.00794042492852875	RANDOM1_2_hBGm	-2.92235722772762	-3.42108061638381	0.0243884479947669	NS
-0.656130421569035	0.0154019658956946	HOMEZ	-3.4777273722828	-4.13385779385184	0.0451557636487411	NS
