logFC	P.Value	tf	DMSO	CH	p_adjusted	sig
-0.642273489484658	0.0002032729176568	GRHL1	0.604612174476786	-0.037661315007872	0.00650473336501761	Downregulated
-0.500819631285011	0.00362091666999636	RXRA	0.381502524463541	-0.11931710682147	0.0514974815288371	NS
0.545394188570736	0.00582633239144237	RANDOM3_2_minP	-0.584934116454419	-0.039539927883683	0.0745770546104624	NS
0.935693744243387	0.0419706306201642	RANDOM2_2_minP	-2.10966673984033	-1.17397299559694	0.285631010498879	NS
-0.369241491564758	0.0634470888215748	POU2F1	0.366420430714102	-0.00282106085065642	0.351852639194024	NS
0.349535896674036	0.0659723698488795	NFAT5	-0.829703462454835	-0.4801675657808	0.351852639194024	NS
-0.494604271747773	0.0753273759079849	RANDOM1_1_minP	-0.646945487852856	-1.14154975960063	0.370842466008541	NS
0.227534303415909	0.0721167560122545	ZFX	-0.0470563255445112	0.180477977871398	0.369237790782743	NS
0.672076277821295	0.191474402176936	OTX1	-1.13854729912459	-0.46647102130329	0.569970313456926	NS
0.365434740124818	0.231536172565941	RANDOM2_1_minP	-0.518242105749849	-0.152807365625031	0.628725718119776	NS
0.448081533997827	0.196779629698115	RANDOM3_3_minP	-1.00853441152804	-0.560452877530211	0.572449831849063	NS
0.234299096606299	0.104312412932349	RANDOM3_1_minP	-0.413694172632087	-0.179395076025788	0.456775331809384	NS
0.219082319453173	0.43897965762627	RANDOM1_3_minP	-0.8516743347755	-0.632592015322327	0.891895177399405	NS
0.430302236915932	0.359331583961196	STAT1	-2.69844337991372	-2.26814114299779	0.821329334768447	NS
0.208764554547413	0.48426499517083	PPARA::RXRA	-1.50050688400575	-1.29174232945834	0.908130000950612	NS
-0.164508891456267	0.388368735846635	POU5F1::SOX2	2.55664462084791	2.39213572939164	0.843494006530403	NS
0.172487319662422	0.479157654160126	RANDOM1_2_minP	-1.50136580417089	-1.32887848450847	0.908130000950612	NS
-0.244943679785903	0.554159264921671	RARA	-1.3908253488846	-1.63576902867051	0.908130000950612	NS
0.155188409943237	0.448600580677434	MYBL2	-0.951330794218199	-0.796142384274962	0.897201161354868	NS
0.236525043943328	0.583686102746357	ATF2	-1.37955436951964	-1.14302932557632	0.908130000950612	NS
0.114989259353625	0.716809512279554	PGR	-0.847317548207453	-0.732328288853828	0.908130000950612	NS
-0.148801191642749	0.750816051825277	RANDOM2_3_minP	0.192861724102499	0.0440605324597499	0.908130000950612	NS
0.110183435650613	0.67282295279919	FOXO1	-1.04238920144434	-0.932205765793727	0.908130000950612	NS
-0.182771238353846	0.675388828407157	CEBPA	-1.48565656393344	-1.66842780228729	0.908130000950612	NS
0.311661078465941	0.515479105032915	GATA3	-1.52542107752422	-1.21375999905828	0.908130000950612	NS
-0.163567520977098	0.669819515239134	NFIA	-1.9379648686986	-2.1015323896757	0.908130000950612	NS
-0.0605790783708983	0.796912909348625	RUNX2	-1.57588319099124	-1.63646226936213	0.908130000950612	NS
-0.127427075142286	0.777082261608418	THRB	-0.849818241130342	-0.977245316272628	0.908130000950612	NS
0.179100676905392	0.650311465294545	ETS2	0.0230929966787195	0.202193673584111	0.908130000950612	NS
0.0859203222272394	0.75773608625431	ATF6	0.249251344885013	0.335171667112252	0.908130000950612	NS
-0.168502472629733	0.540319131984833	ONECUT1	-1.84008758574409	-2.00859005837382	0.908130000950612	NS
0.00721622542382296	0.965085657434211	ZFP42	-0.827202228124159	-0.819986002700336	0.988247713212632	NS
-0.0412839618756966	0.922978947194522	AR	-0.609058523773289	-0.650342485648986	0.968371354433597	NS
0.0332175947217956	0.811684960290662	ATF4	2.08602434756733	2.11924194228912	0.908130000950612	NS
-4.8340326888891	4.87285722578733e-15	TCF7	1.55940146272441	-3.27463122616468	6.23725724900778e-13	Downregulated
-1.20436302065945	1.74521564581354e-05	CLOCK	0.570108471978772	-0.63425454868068	0.00111693801332066	Downregulated
0.44991329193077	0.000567621839319257	TEAD1	0.697149882729069	1.14706317465984	0.0120953255215188	NS
0.300065832852085	0.00315375737719413	KLF4	0.488298120433119	0.788363953285204	0.0504601180351061	NS
-0.637645275107996	0.00683630239900841	MYC	-0.559337204590139	-1.19698247969813	0.079549700643007	NS
0.474423773471093	0.0137508537603779	NR1H4::RXRA	-1.77238798304442	-1.29796420957333	0.14667577344403	NS
-0.466767276757013	0.0185233572410384	FOS::JUN	0.296817396358209	-0.169949880398804	0.182383825142532	NS
-0.596658495099026	0.0390572502652149	RANDOM2_1_mCMV	-2.50313528116834	-3.09979377626737	0.285631010498879	NS
0.427604423011215	0.0305876277716678	POU5F1	-0.889177947773862	-0.461573524762647	0.261014423651565	NS
-0.676575058590382	0.0358826199135741	HSF1	-2.40963164184773	-3.08620670043811	0.285631010498879	NS
-0.685202201359232	0.0473151206689631	SOX9	-3.37114155694889	-4.05634375830812	0.297047016807896	NS
0.349453234417828	0.0423983531209273	TP53	3.31497121839102	3.66442445280885	0.285631010498879	NS
0.361757939141423	0.0487342761950455	E2F1	0.485667810287877	0.8474257494293	0.297047016807896	NS
0.28198857144626	0.061573337017409	HIF1A	-1.14699446308878	-0.86500589164252	0.351852639194024	NS
-0.841615094679527	0.0864491580703641	IRF1	-2.08914368197231	-2.93075877665184	0.409833045666911	NS
-0.342080484655405	0.118364377482108	TFEB	1.26555842360312	0.923477938947713	0.464339361893362	NS
0.274090676007199	0.0925919760496137	GLI1	-2.66141860117034	-2.38732792516314	0.423277604798234	NS
0.276631356998906	0.110372691726333	SOX2	1.03442726794179	1.3110586249407	0.456775331809384	NS
0.363439003373035	0.110625275672585	WT1	-2.01245356426869	-1.64901456089566	0.456775331809384	NS
-0.391015823691664	0.127467187880334	STAT1::STAT2	-2.76071563706341	-3.15173146075507	0.47987647202008	NS
-0.426695207013681	0.131729285743407	NR1I3	-2.29683130378085	-2.72352651079453	0.481752816433032	NS
-0.138848724655746	0.160295922622798	MTF1	2.12946687499727	1.99061815034152	0.539944160413636	NS
-0.470621327207605	0.172024179704459	VDR::RXRA	-2.68643465767013	-3.15705598487773	0.550477375054268	NS
0.543510034095972	0.19088841116041	NR3C1	-3.09397801605055	-2.55046798195457	0.569970313456926	NS
0.399096881118795	0.204672939469503	RANDOM1_2_mCMV	-2.56255808360507	-2.16346120248627	0.578661550608847	NS
-0.46009425021625	0.17634550477616	NR1I2	-2.16677775071023	-2.62687200092648	0.550542063691426	NS
0.593361676378424	0.24036040100044	IRX3	-1.87286650279029	-1.27950482641187	0.628725718119776	NS
-0.23792685755468	0.207956494750054	SMAD2::SMAD3::SMAD4	-2.0454392047076	-2.28336606226228	0.578661550608847	NS
-0.175572457907065	0.240684063967727	NRF1	1.92972809106697	1.7541556331599	0.628725718119776	NS
-0.244122333449787	0.338021829964123	RARA:RXRA	-1.59185211724886	-1.83597445069864	0.801236930285329	NS
-0.211430643984142	0.298546567909625	STAT4	-0.552688191529352	-0.764118835513494	0.764279213848641	NS
-0.414140619038517	0.304673674377553	RORA	-3.3336209360295	-3.74776155506802	0.764671182751506	NS
-0.132439263584176	0.334221226136276	GATA4	1.86009744533475	1.72765818175057	0.801236930285329	NS
0.14239456904099	0.369776385861706	MAF::NFE2	1.92679193480521	2.0691865038462	0.83037504193506	NS
0.146314228482165	0.646413938122993	RANDOM2_3_mCMV	-3.38304571185137	-3.2367314833692	0.908130000950612	NS
0.177717506787707	0.392348963243233	NR5A2	-1.76994944529439	-1.59223193850668	0.843494006530403	NS
0.0988127413515438	0.781491159294094	TFAP2A	-2.4999799890749	-2.40116724772336	0.908130000950612	NS
0.237039086511276	0.740581182488266	NFYA	-0.0861663076073768	0.150872778903899	0.908130000950612	NS
-0.150338173342602	0.407995609079517	XBP1	-1.86833046274482	-2.01866863608742	0.843494006530403	NS
-0.102816459565941	0.570866119424866	RANDOM3_1_mCMV	-1.95114135831406	-2.05395781788	0.908130000950612	NS
0.253499517278203	0.607512829405874	RANDOM3_2_mCMV	-1.59502027519991	-1.34152075792171	0.908130000950612	NS
-0.34295936639021	0.502595322495743	ESR1	-2.85178588176906	-3.19474524815927	0.908130000950612	NS
-0.0808490838075263	0.780517341777847	HNF1A	-0.736326740399978	-0.817175824207504	0.908130000950612	NS
-0.0910657496358526	0.644814047569873	RANDOM1_3_mCMV	-2.77202846837135	-2.86309421800721	0.908130000950612	NS
-0.15981644342284	0.5685645033293	PPARG::RXRA	-3.70237041283755	-3.86218685626039	0.908130000950612	NS
0.0695810593344579	0.761882877662418	GATA1	-2.92563097611211	-2.85604991677766	0.908130000950612	NS
-0.110668103228354	0.815898047729065	THRA	-3.35957275654724	-3.47024085977559	0.908130000950612	NS
-0.169723278169697	0.755100978250331	NR1D1	-4.05625627133227	-4.22597954950196	0.908130000950612	NS
0.00470682280947144	0.975157940290688	CEBPB	-0.0612781952530282	-0.0565713724435568	0.990636637755619	NS
-0.143413457053819	0.576217487074313	AHR::ARNT	-2.18987699219359	-2.33329044924741	0.908130000950612	NS
0.131459316869569	0.795077274003235	RANDOM3_3_mCMV	-1.02936132277949	-0.897902005909918	0.908130000950612	NS
-0.0364207406595562	0.889642401136051	SREBF1	-2.62418263030991	-2.66060337096947	0.948826322066587	NS
0.185738985731612	0.804488966439937	RANDOM2_2_mCMV	-2.34772241767969	-2.16198343194808	0.908130000950612	NS
0.00961550694349668	0.944264744907811	REL	0.539759097609158	0.549374604552655	0.982649490635771	NS
-0.112064095408347	0.588662309287516	MEF2A	0.30150951151242	0.189445416104074	0.908130000950612	NS
0.12688671901271	0.750425522451056	NFATC1	-3.14332170058074	-3.01643498156803	0.908130000950612	NS
0.0755666770051613	0.712396850839012	SRF	-1.43725815163029	-1.36169147462512	0.908130000950612	NS
-0.0619238800436152	0.699552334863641	HNF4A	-1.18090717783345	-1.24283105787707	0.908130000950612	NS
-0.127985139660588	0.585930495720751	EGR1	-2.60717286349218	-2.73515800315277	0.908130000950612	NS
0.0303022256338827	0.896937382578571	NR4A2::RXRA	0.867287824343609	0.897590049977491	0.948826322066587	NS
0.0319124857828344	0.953560501843048	RANDOM1_1_mCMV	-2.25915983059661	-2.22724734481377	0.984320518031533	NS
0.0705978772636923	0.837801059466627	TFCP2L1	1.58285614060375	1.65345401786744	0.924470134583865	NS
0.144702157576039	0.720873413146764	RBPJ	-3.74307429690894	-3.59837213933291	0.908130000950612	NS
0.0168070313054625	0.88370393383848	FOSL1	-1.48375733691224	-1.46695030560678	0.948826322066587	NS
0.0300112008016861	0.846274829672741	NR4A1	-1.83670673048263	-1.80669552968094	0.925839129898384	NS
-0.51304612973679	0.154335194216304	RANDOM2_1_Random	-1.26295504993362	-1.77600117967041	0.533916347559106	NS
0.240423971587735	0.327871892510445	RANDOM3_1_Random	-0.719396693564634	-0.478972721976899	0.801236930285329	NS
-0.346189813155033	0.407970018023222	FOXA1	-2.44595197629751	-2.79214178945254	0.843494006530403	NS
0.312903334910965	0.357033467652696	RANDOM1_1_Random	-2.25037716503067	-1.9374738301197	0.821329334768447	NS
0.154561410757139	0.609893210700501	NR3C2	-1.884580530467	-1.73001911970986	0.908130000950612	NS
0.160903095059003	0.762735447762977	RFX1	-1.88695346507687	-1.72605037001786	0.908130000950612	NS
-0.046895890268523	0.738770011401605	SP1	1.46392198804102	1.41702609777249	0.908130000950612	NS
-5.37088665755194	3.98060959927818e-05	TCF7L2	-0.265124682179948	-5.63601133973188	0.00169839342902536	Downregulated
0.635061512832989	0.000258941584648519	ESRRB	-2.6244765492974	-1.98941503646441	0.00662890456700209	Upregulated
0.529087049093384	0.000661463114458062	GBX2	-3.0365174285852	-2.50743037949182	0.0120953255215188	NS
-0.619194619066102	0.0263043946602525	IRF3	0.594625595435616	-0.0245690236304856	0.240497322608023	NS
0.586493182200928	0.119712491738132	RANDOM1_2_hBGm	-3.75997985974207	-3.17348667754114	0.464339361893362	NS
0.238769260413694	0.138448663666026	PAX6	-3.3250181336161	-3.08624887320241	0.49226191525698	NS
0.306951706228557	0.171570901014719	RANDOM3_1_hBGm	-2.97898047495163	-2.67202876872307	0.550477375054268	NS
0.0868170924301749	0.499392912628735	STAT3	1.59349014268151	1.68030723511169	0.908130000950612	NS
0.18997337307279	0.796374450497012	HOMEZ	-1.00290570816272	-0.812932335089934	0.908130000950612	NS
-0.119324947796964	0.686632905709521	RANDOM3_3_hBGm	-2.80272020049519	-2.92204514829215	0.908130000950612	NS
-0.0625615895333675	0.408567409413164	NFE2L2	2.43409742276436	2.37153583323099	0.843494006530403	NS
0.0700987593893894	0.623184282981927	NFKB1	-2.32035962540368	-2.25026086601429	0.908130000950612	NS
0.222747633755858	0.641680938883596	RANDOM3_2_hBGm	-3.17323410146953	-2.95048646771367	0.908130000950612	NS
0.00123617322367373	0.996828400932724	RANDOM2_2_hBGm	-3.62556234305046	-3.62432616982679	0.996828400932724	NS
-0.166557041369782	0.636101133601408	RANDOM1_1_hBGm	-3.7850017226266	-3.95155876399638	0.908130000950612	NS
0.457104444078016	0.729984021443632	NEUROG2	-1.83417607087524	-1.37707162679723	0.908130000950612	NS
0.271462385336527	0.676271903339427	RANDOM2_3_hBGm	-3.08288150646933	-2.81141912113281	0.908130000950612	NS
0.0585080667709722	0.782644544210345	SMAD4	-3.04888794121411	-2.99037987444314	0.908130000950612	NS
-0.066387078543894	0.667194134728881	CREB1	-2.17514331872415	-2.24153039726805	0.908130000950612	NS
-0.0392720815364906	0.779315131307032	ELK1	1.86271736823707	1.82344528670058	0.908130000950612	NS
0.0012234348399276	0.996266305043029	RANDOM1_3_hBGm	-3.68050165462088	-3.67927821978095	0.996828400932724	NS
0.0942854443668378	0.875261926946154	RANDOM2_1_hBGm	-3.18680334440818	-3.09251790004135	0.948826322066587	NS
