logFC	P.Value	tf	DMSO	FK	p_adjusted	sig
1.13864819330107	4.03709332765874e-09	ATF6	0.598173879130083	1.73682207243116	8.67975065446629e-08	Upregulated
0.632255691544971	0.000198850760079649	THRB	-0.647630687834272	-0.0153749962893004	0.00171011653668499	Upregulated
-0.520442502149201	0.00392192645926128	GRHL1	0.829577514726654	0.309135012577453	0.0252964256622352	NS
0.418099212631292	0.00874643083039781	ATF4	2.33322183384566	2.75132104647695	0.0433957529662045	NS
-0.402803812661707	0.0167828756637717	FOXO1	-0.740447562195149	-1.14325137485686	0.0698384180847273	NS
-0.378295100702824	0.0254454006336638	RANDOM1_1_minP	-1.294084315641	-1.67237941634383	0.093784476621218	NS
-0.447550348790163	0.0298201186437704	OTX1	-1.01768924744134	-1.4652395962315	0.106855425140177	NS
-0.459705424408807	0.0356646533131139	RANDOM2_2_minP	-1.27816752251178	-1.73787294692059	0.1179676994203	NS
-0.387959377274993	0.0595065237100131	RANDOM3_2_minP	-0.701348569248783	-1.08930794652378	0.178519571130039	NS
0.385765985490991	0.0620054149026956	RARA	-2.5083012134617	-2.12253522797071	0.181788602782903	NS
-0.329249004110689	0.074663468331331	RANDOM1_3_minP	-1.31783674185489	-1.64708574596558	0.211035809129513	NS
-0.2792591646609	0.0785449540588368	MYBL2	-1.00164062282832	-1.28089978748922	0.215580831352978	NS
-0.262339912821213	0.102015202282695	ZFP42	-1.09289209906054	-1.35523201188176	0.253076174893608	NS
-0.284126601684964	0.118594203848021	PPARA::RXRA	-0.921877003502243	-1.20600360518721	0.276248304783615	NS
-0.299564681788442	0.122063204439272	RUNX2	-1.18936631761701	-1.48893099940545	0.276248304783615	NS
-0.237163996567065	0.141361519825308	RANDOM2_3_minP	-1.2234614243502	-1.46062542091727	0.309078577245166	NS
-0.226659803221654	0.179397900089258	RANDOM3_3_minP	-0.691120198301576	-0.91778000152323	0.367338557325624	NS
0.24187782065557	0.217162639745682	ONECUT1	-1.40667274930326	-1.16479492864769	0.410277691344872	NS
-0.15517006557509	0.274021286600942	RXRA	0.899613430825239	0.744443365250149	0.465115078572651	NS
-0.192147725632659	0.260295197763576	RANDOM3_1_minP	-0.63224986193999	-0.824397587572649	0.458869210911894	NS
-0.184951312043079	0.371272268361346	GATA3	-1.26792236205779	-1.45287367410087	0.584074666080654	NS
-0.15249881424066	0.397463983093001	AR	-1.43608102466162	-1.58857983890228	0.596195974639501	NS
-0.153236725629095	0.383676345976604	ZFX	-0.493446893047083	-0.646683618676178	0.5922124178643	NS
0.13627718008191	0.392393321050923	POU5F1::SOX2	2.7237809228866	2.86005810296851	0.59551456959493	NS
-0.145838608560726	0.460203634875314	NFAT5	-0.454809323995848	-0.600647932556574	0.62222688874659	NS
-0.122299365528008	0.483340177688647	POU2F1	0.422891524103962	0.300592158575954	0.636233499202403	NS
-0.11923506309747	0.616222961719431	ETS2	1.20037059306043	1.08113552996296	0.735113616830221	NS
-0.0837165207230254	0.643936734122596	RANDOM1_2_minP	-1.26581297348076	-1.34952949420379	0.735113616830221	NS
-0.0754605410779051	0.73248979849164	STAT1	-2.0973021883378	-2.1727627294157	0.800456935908377	NS
0.069894176883494	0.738406010644162	ATF2	-0.837695298963054	-0.76780112207956	0.800456935908377	NS
-0.031476183233385	0.874408675210965	PGR	-0.94514159515444	-0.976617778387825	0.92457966477225	NS
-0.049294094087913	0.766217492182748	NFIA	-1.3423382276751	-1.39163232176301	0.823683804096455	NS
-0.0418261167864134	0.83806073382868	RANDOM2_1_minP	-1.48341939494388	-1.52524551173029	0.893469707966113	NS
-0.0225676684881397	0.891124750630462	CEBPA	-1.24605453555752	-1.26862220404566	0.927057200252658	NS
-2.5826244239153	3.13168388950922e-15	MEF2A	0.61727018833486	-1.96535423558044	4.03987221746689e-13	Downregulated
1.12044845768536	2.13288331894761e-10	FOS::JUN	0.592611428926786	1.71305988661214	9.17139827147474e-09	Upregulated
1.24707070207297	4.01935657487031e-09	CLOCK	1.22055916311064	2.46762986518361	8.67975065446629e-08	Upregulated
0.642581811095745	4.05609841541309e-06	MYC	-0.201525453240123	0.441056357855622	7.47480993697556e-05	Upregulated
0.657697506107946	5.90752659472768e-06	TFEB	1.52798602341857	2.18568352952652	9.52588663399839e-05	Upregulated
-0.714754762388207	7.09106189575476e-06	NR4A2::RXRA	0.781692358447712	0.0669375960595049	0.000101638553839152	Downregulated
-0.786391568590037	1.3001776547195e-05	TEAD1	1.17581329151192	0.389421722921882	0.000167722917458816	Downregulated
-0.646322130838705	1.46727069661925e-05	MAF::NFE2	1.90639818819808	1.26007605735937	0.000172070836239894	Downregulated
0.635504486423505	0.000121995585850942	THRA	-1.74180094866286	-1.10629646223935	0.00131145254789763	Upregulated
-0.420189229105378	0.000167515060548793	KLF4	0.134514795730413	-0.285674433374965	0.00166226483159956	Downregulated
-0.527430162038316	0.000198054128330336	E2F1	1.02510186542563	0.497671703387313	0.00171011653668499	Downregulated
-0.554607732686386	0.000847064768132323	NR1I2	-1.58571305286204	-2.14032078554843	0.00682945969306685	Downregulated
0.379662799217123	0.00101157302870532	XBP1	-0.853147894315039	-0.473485095097917	0.00767605415899922	Upregulated
0.411768584139749	0.00506615029186519	STAT4	-0.0484394502601463	0.363329133879602	0.0293012347830407	NS
0.637221606582744	0.0051545240879875	RORA	-2.12125570566283	-1.48403409908008	0.0293012347830407	NS
-0.554624293367531	0.00522425116286773	IRF1	-2.01401676526277	-2.56864105863031	0.0293012347830407	NS
-0.582739815963366	0.00619740661158306	EGR1	-1.77936182550684	-2.3621016414702	0.0333110605372589	NS
-0.472429072384269	0.00718298348406372	RANDOM1_1_mCMV	-2.44647388314379	-2.91890295552806	0.0370641947777688	NS
-0.362963327222374	0.00978940744181359	NR1I3	-1.92633130896122	-2.28929463618359	0.0467716133331094	NS
-0.351405298906258	0.0103506829721349	NRF1	2.25570674738698	1.90430144848072	0.0476870751216216	NS
-0.391424553985928	0.0117339910434626	SMAD2::SMAD3::SMAD4	-1.24173063462712	-1.63315518861304	0.0521960291243681	NS
-0.386531465339608	0.0139683648192957	GLI1	-2.24972748896704	-2.63625895430664	0.0600639687229716	NS
0.638597035135159	0.0236781470086893	TCF7	1.3494113178478	1.98800835298296	0.0898376754153211	NS
-0.369608199592917	0.0207570925914989	VDR::RXRA	-1.85772885556441	-2.22733705515733	0.0836770295094799	NS
0.302902689126288	0.0214179635688358	FOSL1	-0.994457172695665	-0.691554483569377	0.0837247666781763	NS
-0.312716680401995	0.0308146980369105	GATA4	2.26161070266759	1.9488940222656	0.10743502829085	NS
-0.333558630563981	0.0346993935422959	REL	1.31842892441167	0.984870293847689	0.117795309656741	NS
0.249244542921964	0.0397688637980366	NR4A1	-1.36494643035194	-1.11570188742998	0.128254585748668	NS
-0.194166551338902	0.0571635397688823	NFYA	0.529362912168949	0.335196360830047	0.175573729290138	NS
-0.324369638297107	0.0752530792244774	POU5F1	-0.388059449571819	-0.712429087868926	0.211035809129513	NS
-0.274786772044623	0.0918439518367465	RANDOM3_2_mCMV	-1.64938414158569	-1.92417091363031	0.241793260957965	NS
-0.347797633432723	0.0895664964330993	IRX3	-0.495348161245674	-0.843145794678396	0.240709959163954	NS
-0.274291965262008	0.101954295326517	WT1	-1.32393127321533	-1.59822323847734	0.253076174893608	NS
0.308700295082136	0.109231130186203	NR5A2	-1.3766979908567	-1.06799769577456	0.260941033222597	NS
-0.241263298656063	0.108027407082255	RANDOM2_3_mCMV	-2.31589850655266	-2.55716180520872	0.260941033222597	NS
-0.240979774513202	0.120595572873091	SOX9	-2.29194681905775	-2.53292659357095	0.276248304783615	NS
0.170024532063383	0.13947583665576	MTF1	2.36467546268248	2.53469999474587	0.309078577245166	NS
-0.250415607535782	0.152092463097185	RANDOM2_2_mCMV	-2.30639622216263	-2.55681182969841	0.326998795658947	NS
-0.290568544641855	0.167525549526119	NR1H2	1.25999745455064	0.969428909908785	0.354275342440481	NS
-0.236122148038902	0.214770361948559	TFCP2L1	1.62271142042467	1.38658927238577	0.410277691344872	NS
-0.219835530588699	0.203716392228052	RANDOM3_3_mCMV	-1.90784730315182	-2.12768283374052	0.404298686114134	NS
0.261537997942789	0.209371698466405	PPARG::RXRA	-2.09779331980001	-1.83625532185722	0.409226501547973	NS
0.116563030906366	0.229223677808728	RARA:RXRA	-0.265531854577583	-0.148968823671217	0.422426491961799	NS
-0.163198660917035	0.21945085816121	HIF1A	-0.978158784510293	-1.14135744542733	0.410277691344872	NS
-0.188439737474946	0.262973305349841	RANDOM1_2_mCMV	-1.92573378645177	-2.11417352392672	0.458869210911894	NS
-0.185510150866439	0.248126963180114	GATA1	-2.47410453471188	-2.65961468557832	0.450822228876544	NS
-0.17760580197438	0.263227299282792	STAT1::STAT2	-2.10469576841338	-2.28230157038776	0.458869210911894	NS
0.132733594349726	0.272936526798962	NR1H4::RXRA	-0.650925534420703	-0.518191940070976	0.465115078572651	NS
0.133512814884606	0.435991239696978	NR1D1	-2.65869597917262	-2.52518316428801	0.618053515614397	NS
-0.177771705064505	0.35361409938915	RANDOM2_1_mCMV	-2.43467229720058	-2.61244400226509	0.570202735265004	NS
0.208712352117067	0.410669334273223	TP53	2.13766729788337	2.34637965000044	0.606340217168693	NS
0.0809802508715098	0.607931499587836	HNF4A	-0.660492087841953	-0.579511836970443	0.732926761185336	NS
-0.185785494858701	0.385626690702335	TFAP2A	-2.05473767737195	-2.24052317223066	0.5922124178643	NS
0.17453332882264	0.455502982743529	HNF1A	-0.342080955666565	-0.167547626843925	0.62222688874659	NS
-0.126518026430182	0.526358744562998	AHR::ARNT	-1.33148476962689	-1.45800279605707	0.664735117957934	NS
-0.0998225086229577	0.510162859042517	NR3C1	-2.7808721486801	-2.88069465730306	0.658110088164847	NS
0.136190592517061	0.565456583935952	HSF1	-2.31006380836968	-2.17387321585261	0.694703803121313	NS
-0.0784760953940722	0.600067280448593	RANDOM3_1_mCMV	-1.84527078377164	-1.92374687916572	0.730270558281779	NS
0.1108667822139	0.636016581827624	NFATC1	-2.14581291500466	-2.03494613279076	0.735113616830221	NS
-0.0917307216428541	0.525742413112487	RANDOM1_3_mCMV	-2.12544453326044	-2.2171752549033	0.664735117957934	NS
0.0854585661976259	0.627672917976331	ESR1	-1.80701632426369	-1.72155775806607	0.735113616830221	NS
-0.0193498020133498	0.918150329311096	CEBPB	0.134228915803598	0.114879113790248	0.940011051437551	NS
0.0575003045298766	0.715229255517514	SREBF1	-2.26752019746728	-2.2100198929374	0.796221184247031	NS
-0.00139223078458701	0.989678736495694	SOX2	0.699003481713971	0.697611250929384	0.989678736495694	NS
-0.032088610662808	0.899276269142141	RBPJ	-2.23908452595733	-2.27117313662014	0.92805310975469	NS
-0.0598459189634008	0.735681043161002	SRF	-0.981288668496508	-1.04113458745991	0.800456935908377	NS
0.852634777977542	0.00278968957199169	RFX1	-0.720359630213337	0.132275147764205	0.0189405239361541	NS
0.371491720367579	0.183893528994821	RANDOM1_1_Random	-1.79409797457648	-1.4226062542089	0.370660394380186	NS
0.164827120004693	0.530757497284242	FOXA1	-1.96939128330186	-1.80456416329716	0.664735117957934	NS
0.163209213852402	0.323246574475031	RANDOM2_1_Random	-1.42834467281322	-1.26513545896082	0.534600103939474	NS
0.155937332223433	0.418327746728788	NR3C2	-0.708483932955105	-0.552546600731672	0.606340217168693	NS
-0.101592981597875	0.467876032623405	SP1	1.42558073352782	1.32398775192994	0.62222688874659	NS
-0.0514953072385492	0.715981840098105	RANDOM3_1_Random	-0.455275480559378	-0.506770787797927	0.796221184247031	NS
1.81815523144497	1.08959857327771e-10	CREB1	-1.2763603524971	0.541794878947865	7.0279107976412e-09	Upregulated
-1.15255017760935	9.47823653245119e-10	STAT3	1.86281295877414	0.710262781164793	3.05673128171551e-08	Downregulated
0.960469846763945	0.00175875914701148	TCF7L2	0.940632834726709	1.90110268149065	0.0126044405535822	NS
0.248486903900656	0.0513851872083213	ESRRB	-1.50003738129345	-1.25155047739279	0.161675345118865	NS
0.423302043423619	0.0959724406046225	NFKB1	-0.742218987745768	-0.318916944322148	0.247608896759926	NS
-0.326576267540715	0.177828201382205	RANDOM3_3_hBGm	-1.87633168181681	-2.20290794935753	0.367338557325624	NS
-0.137637547470241	0.30256594039667	ELK1	2.03902514844254	1.9013876009723	0.506896185859356	NS
0.253614378968675	0.365195632566262	NEUROG2	-3.11450293847226	-2.86088855950359	0.581607859272195	NS
0.208665948545119	0.337234345902025	RANDOM3_2_hBGm	-2.1425096264228	-1.93384367787768	0.550673805333686	NS
0.158761461690091	0.443892238738019	RANDOM2_2_hBGm	-2.47989738866335	-2.32113592697326	0.619357575213171	NS
0.133012026229758	0.446513600735077	PAX6	-2.25141999293512	-2.11840796670536	0.619357575213171	NS
-0.0888387165182588	0.463767325299228	NFE2L2	2.32099178095066	2.2321530644324	0.62222688874659	NS
0.0833606491643279	0.704626580968518	GBX2	-2.18394570446135	-2.10058505529702	0.796221184247031	NS
-0.153094068744582	0.430298904822541	RANDOM1_2_hBGm	-2.40674093229185	-2.55983500103643	0.616761763578975	NS
-0.140218742919975	0.504477886233569	IRF3	0.930568022387915	0.79034927946794	0.657349972971015	NS
-0.205622299259117	0.413970255545772	SMAD4	-1.51713158845759	-1.72275388771671	0.606340217168693	NS
0.109400860395331	0.629566176855734	RANDOM2_1_hBGm	-2.89071119971243	-2.7813103393171	0.735113616830221	NS
0.00769555943456091	0.97335115899957	RANDOM3_1_hBGm	-1.75082711027963	-1.74313155084507	0.980955464929254	NS
-0.127808492041479	0.536693314055993	RANDOM1_1_hBGm	-2.74813598551525	-2.87594447755673	0.665706129934838	NS
-0.089329213086062	0.639000495381759	RANDOM2_3_hBGm	-2.71359291801212	-2.80292213109818	0.735113616830221	NS
0.0152127890461713	0.955329837609615	HOMEZ	-2.93586215725979	-2.92064936821362	0.97037440198142	NS
0.0251238503638219	0.884719708328471	RANDOM1_3_hBGm	-2.85043939085566	-2.82531554049183	0.927057200252658	NS
